Sample	2-39337751-39337780-T_mean_ad	2-39337751-39337780-T_median_ad	2-47414419-47414447-A_mean_ad	2-47414419-47414447-A_median_ad	2-95183612-95183636-T_mean_ad	2-95183612-95183636-T_median_ad	4-54732044-54732070-T_mean_ad	4-54732044-54732070-T_median_ad	14-23183137-23183158-A_mean_ad	14-23183137-23183158-A_median_ad
PD34201a_s31	0.733(0)	2.0(0)	1.63(1)	0.0(1)	21.538(0)	29.0(0)	19.429(0)	27.5(0)	6.952(1), 1.0(2), 0.0(0)	1.0(1), 1.0(2), 0.0(0)
22_76TR	1.471(0)	2.0(0)	1.143(0)	1.0(0)	0.632(0)	1.0(0)	0.778(0)	1.0(0)	1.2(0)	1.0(0)
PD34199a_s13	0.13(0)	1.0(0)	1.3(0)	1.0(0)	22.071(0)	61.0(0)	6.778(0)	2.0(0)	11.774(0)	3.0(0)
C3_103_DE	1.588(0)	2.0(0)	0.944(0)	1.0(0)			0.562(0)	1.0(0)
B41_277_AC	1.167(0)	1.5(0)	1.25(0)	0.0(0)	0.909(0)	1.0(0)	1.675(0)	2.0(0)	0.792(0)	1.0(0)
PD36813ae	1.615(0)	0.0(0)	0.471(1), 0.889(2)	1.0(1), 1.0(2)	8.286(0)	4.0(0)	8.938(0)	44.0(0)	1.333(0)	2.5(0)
B20_273_CE	2.143(0)	2.0(0)	1.043(0)	1.0(0)	1.12(0)	1.0(0)	0.724(0)	1.0(0)	1.032(0)	2.0(0)
PD37266c_lo0018	0.333(0)	1.0(0)	0.562(0)	1.0(0)	0.667(1), 0.857(2), 43.0(0)	1.0(1), 0.0(2), 68.5(0)	6.895(0)	10.0(0)
PD28690bx_2_d5	1.3(0)	2.5(0)	1.75(0)	1.0(0)	7.9(0)	33.0(0)	1.0(1), 0.0(0), 19.273(2)	3.0(1), 0.0(0), 1.5(2)	9.136(0)	2.0(0)
A9_09_CE	0.812(1), 0.75(2), 2.5(0)	1.0(1), 3.0(2), 0.0(0)	2.25(0)	1.5(0)	0.565(0)	1.5(0)	1.034(0)	1.0(0)	0.909(0)	1.0(0)
PD37266b_lo0006	0.647(0)	1.5(0)	1.333(1), 2.455(2), 0.0(0)	0.0(1), 0.0(2), 0.0(0)	13.556(0)	42.0(0)	11.75(1), 20.333(2), 0.0(0)	47.0(1), 7.0(2), 0.0(0)	0.444(1), 0.0(0), 3.818(2)	4.0(1), 0.0(0), 20.0(2)
D30_029_AS	1.182(1), 1.273(2), 0.0(0)	3.0(1), 3.0(2), 0.0(0)	1.698(0)	2.0(0)	0.5(0)	1.5(0)	0.643(0)	1.0(0)	8.571(1), 1.0(2), 0.4(0)	2.0(1), 0.0(2), 0.0(0)
PD34199a_t24	0.125(0)	0.0(0)	4.538(0)	3.0(0)	38.3(0)	74.0(0)	9.133(1), 9.25(2), 0.5(0)	37.0(1), 15.5(2), 1.0(0)	0.0(1), 0.0(0), 28.0(2)	0.0(1), 0.0(0), 48.0(2)
PD34201a_t18	0.471(0)	2.0(0)			9.167(0)	22.5(0)	24.625(1), 0.6(0)	41.0(1), 0.0(0)	7.545(0)	2.0(0)
PD37265c5	0.667(1), 0.125(2), 0.0(0)	4.0(1), 1.0(2), 0.0(0)	1.357(0)	0.0(0)	10.714(1), 41.2(0), 30.667(2)	74.0(1), 100.5(0), 46.0(2)			0.6(0)	2.0(0)
PD36814l4	0.867(0)	3.0(0)	1.667(1), 2.143(2), 1.0(0)	2.5(1), 2.5(2), 0.0(0)	10.0(0)	103.0(0)	7.333(0)	31.5(0)
PD36813ad17	0.591(0)	2.0(0)	1.125(0)	2.0(0)	0.929(0)	2.0(0)	14.667(1), 2.667(2), 0.5(0)	22.0(1), 15.0(2), 0.0(0)	1.032(1)	2.0(1)
GIB-031	0.143(0)	0.0(0)	0.667(0)	0.0(0)	0.538(0)	0.0(0)	0.421(0)	1.0(0)	0.667(0)	1.0(0)
A7__116_DC	3.071(0)	1.0(0)	1.543(0)	1.0(0)	0.857(0)	1.0(0)	1.37(0)	2.0(0)	1.694(0)	5.5(0)
PD36813y7	1.167(0)	2.0(0)	1.353(0)	2.0(0)	8.308(0)	53.0(0)	17.6(1), 0.6(0)	28.5(1), 2.0(0)	10.7(0)	3.0(0)
PD37266c_lo0023	0.455(0)	2.0(0)	1.19(0)	1.0(0)					10.824(0)	4.5(0)
PD37449e_lo0004	0.944(0)	3.0(0)	0.444(1), 0.625(2)	0.0(1), 2.0(2)	0.0(1), 17.455(2)	0.0(1), 94.5(2)	11.706(1), 0.333(0), 0.75(2)	2.0(1), 0.0(0), 0.0(2)	4.733(0)	2.0(0)
PD37449f_lo0010	1.19(0)	3.0(0)	1.231(0)	1.5(0)	0.5(1), 40.25(2), 0.0(0)	2.0(1), 89.0(2), 0.0(0)	15.812(0)	3.0(0)	0.75(1), 0.667(2), 56.25(0)	1.5(1), 2.0(2), 106.0(0)
PD34200a_c35	1.1(0)	4.0(0)	1.0(0)	0.0(0)	24.091(0)	51.5(0)	2.765(0)	12.5(0)	1.062(0)	3.0(0)
PD37449e_lo0008	0.6(0)	2.0(0)	0.8(1), 0.176(2)	1.0(1), 0.0(2)	9.2(1), 0.333(0), 14.75(2)	34.0(1), 1.0(0), 21.0(2)	0.333(1), 0.5(2), 20.5(0)	0.0(1), 1.0(2), 9.0(0)	0.824(0)	2.0(0)
C5_148_TR	1.1(0)	1.5(0)	1.098(0)	1.0(0)	1.49(0)	2.0(0)	0.267(1), 0.8(2)	1.0(1), 0.0(2)	0.833(0)	1.5(0)
PD36814l8	0.55(0)	1.0(0)	1.588(0)	1.5(0)	5.5(0)	1.0(0)	18.071(1), 10.0(2), 0.4(0)	25.0(1), 21.0(2), 1.0(0)	0.0(1), 11.75(2), 0.0(0)	0.0(1), 0.0(2), 0.0(0)
PD37226h7	0.875(1), 0.2(2), 0.0(2), 1.6(0)	2.5(1), 0.0(2), 0.0(2), 0.0(0)	1.5(0)	2.0(0)	19.118(0)	14.5(0)	11.8(0)	2.0(0)	10.071(0)	2.0(0)
PD34200a_s17	0.2(0)	3.0(0)	1.0(0)	2.0(0)	18.1(1), 15.0(0)	35.0(1), 44.5(0)	11.263(0)	62.0(0)	0.75(1), 0.125(0), 8.0(2)	1.5(1), 1.0(0), 7.0(2)
PD34200a_t15	1.286(0)	4.0(0)	1.222(0)	10.0(0)	24.158(0)	62.5(0)	16.692(0)	42.5(0)	0.75(0)	1.0(0)
21_116CE	2.095(0)	4.0(0)	1.423(0)	1.0(0)	1.37(0)	2.0(0)	1.417(0)	2.0(0)	6.548(0)	6.0(0)
PD34201a_c25	0.4(0)	1.0(0)	4.5(0)	2.5(0)	24.0(0)	65.0(0)	27.1(0)	47.0(0)	7.571(0)	13.0(0)
PD37449c_lo0009	2.273(0)	0.0(0)	1.15(0)	0.0(0)	0.0(1), 7.4(2)	0.0(1), 18.0(2)	7.562(0)	22.5(0)	3.263(0)	2.0(0)
PD37226e4	0.294(0)	2.0(0)	1.6(0)	1.0(0)	0.0(1), 0.75(2), 6.75(0)	0.0(1), 1.0(2), 5.0(0)	0.333(1), 16.0(2), 0.5(0)	0.0(1), 16.0(2), 1.0(0)	1.439(1)	2.0(1)
PD37514a2	1.308(0)	2.0(0)			7.5(0)	65.0(0)	26.933(0)	28.0(0)	11.273(0)	5.0(0)
PD36814k7	0.571(0)	2.0(0)	1.381(0)	1.0(0)	11.643(1), 0.0(0), 7.0(2)	59.0(1), 0.0(0), 4.5(2)	2.429(1), 13.0(2), 0.0(0)	3.0(1), 47.5(2), 0.0(0)	3.1(1), 0.571(2), 0.0(0)	2.0(1), 2.0(2), 0.0(0)
PD37590c_lo0005	0.739(0)	2.0(0)	1.042(1), 1.867(2), 0.0(0)	1.5(1), 0.0(2), 0.0(0)	9.095(1), 37.333(0)	86.0(1), 112.0(0)	0.25(1), 1.233(2), 24.812(0)	1.0(1), 1.0(2), 9.0(0)	1.632(1), 0.0(0), 2.429(2)	2.5(1), 0.0(0), 5.0(2)
B32_93_AS	2.296(0)	1.0(0)	0.889(0)	1.0(0)	0.636(0)	1.0(0)	0.781(0)	1.0(0)	0.71(1), 1.091(2), 0.0(0)	1.0(1), 1.0(2), 0.0(0)
PD37226j8	0.5(0)	2.5(0)	1.429(0)	1.5(0)	16.75(0)	52.0(0)	8.235(0)	2.0(0)	1.278(0)	2.0(0)
PD37266d_lo0010	2.412(1), 1.2(2), 0.0(0)	5.0(1), 2.5(2), 0.0(0)	1.211(0)	1.0(0)	9.7(0)	74.0(0)	2.824(0)	2.0(0)	0.0(1), 0.0(0), 1.1(2)	0.0(1), 0.0(0), 2.0(2)
C22_19_SI	3.0(0)	5.0(0)	2.0(1), 1.2(2), 0.2(0)	0.0(1), 2.0(2), 1.0(0)	0.769(0)	1.0(0)	1.543(0)	2.0(0)	1.182(0)	1.0(0)
PD34200a_i21	1.053(0)	1.5(0)	2.0(0)	0.0(0)			0.5(1), 1.533(2)	0.0(1), 1.0(2)	1.111(0)	1.0(0)
PD36814e6	0.167(1), 1.0(2), 0.0(0)	0.0(1), 4.0(2), 0.0(0)	1.143(0)	1.0(0)	9.091(0)	5.0(0)	1.25(0)	1.0(0)	0.786(0)	2.0(0)
PD36813z8	0.722(1), 0.143(0)	2.0(1), 0.0(0)	1.565(0)	1.5(0)	0.75(1), 15.714(2), 0.0(0)	0.0(1), 53.5(2), 0.0(0)	0.6(1), 0.25(2), 29.4(0)	1.5(1), 1.0(2), 50.0(0)	0.706(0)	2.0(0)
PD37590b_lo0092	1.71(1), 0.938(2), 0.0(0)	2.0(1), 0.0(2), 0.0(0)	1.458(0)	2.0(0)	18.174(0)	27.0(0)	0.167(1), 0.619(2), 6.111(0)	0.0(1), 1.0(2), 2.0(0)	1.0(1), 0.615(2)	2.5(1), 2.0(2)
PD34200a_c19	0.556(0)	4.0(0)	1.7(0)	0.0(0)	0.25(1), 31.182(2)	1.0(1), 57.5(2)	9.75(0)	54.5(0)	0.333(1), 6.857(2), 0.0(0)	1.0(1), 22.5(2), 0.0(0)
PD36813ac4	0.533(1), 0.143(2), 1.0(0)	1.0(1), 1.0(2), 3.0(0)	1.4(0)	2.0(0)	10.542(1), 0.5(2), 0.2(0)	8.0(1), 1.0(2), 0.0(0)	5.947(0)	2.0(0)	6.643(0)	2.0(0)
PD34201a_c42	0.2(0)	2.0(0)	1.077(0)	0.0(0)	22.444(0)	43.0(0)	2.308(0)	1.0(0)	0.0(1), 1.364(2), 3.75(0)	0.0(1), 1.0(2), 2.0(0)
PD34200a_t29	0.421(0)	0.0(0)	1.25(0)	2.0(0)	0.0(1), 41.0(0), 33.111(2)	0.0(1), 122.0(0), 73.5(2)	0.467(0)	1.0(0)	0.667(1), 28.333(2), 0.0(0)	1.0(1), 63.0(2), 0.0(0)
PD37266d_lo0012	0.762(0)	1.0(0)	1.812(0)	2.0(0)	0.0(1), 10.7(2), 0.0(0)	0.0(1), 52.5(2), 0.0(0)	0.0(1), 17.923(2), 0.0(0)	0.0(1), 2.5(2), 0.0(0)	1.381(0)	2.0(0)
Laurel-1	1.417(0)	2.0(0)	1.889(0)	2.0(0)	0.429(1), 0.348(2)	1.0(1), 1.0(2)	1.5(0)	2.0(0)	1.517(0)	2.0(0)
PD37266d_lo0014	1.0(0)	1.0(0)	1.2(0)	1.0(0)	18.944(0)	34.0(0)	19.353(0)	11.0(0)	1.2(1), 6.214(2), 0.929(0)	0.0(1), 23.0(2), 2.0(0)
PD36813aa12	0.381(0)	1.0(0)	2.286(0)	1.0(0)	16.714(0)	1.0(0)	0.333(1), 0.545(2), 18.667(0)	0.0(1), 1.0(2), 51.5(0)	1.091(1), 0.0(0)	2.0(1), 0.0(0)
B21_153_CE	1.3(0)	1.5(0)	1.333(0)	0.0(0)	0.286(0)	1.0(0)	1.19(0)	1.0(0)	1.04(0)	1.0(0)
D32_076_CE	0.857(0)	0.0(0)			1.75(0)	2.0(0)	7.208(0)	70.0(0)	8.538(0)	2.0(0)
PD34201a_s15	0.938(0)	1.0(0)	1.4(0)	2.0(0)	1.0(1), 57.538(2), 41.0(0)	4.0(1), 2.0(2), 0.0(0)	31.545(0)	16.0(0)	2.895(0)	2.0(0)
PD34201a_c22	0.364(0)	1.0(0)	0.846(1), 0.0(2)	2.0(1), 0.0(2)	13.053(0)	24.5(0)	0.636(1), 1.75(2), 0.0(0)	4.0(1), 1.0(2), 0.0(0)	0.286(1), 0.429(2), 1.0(0)	0.0(1), 1.5(2), 2.0(0)
HLS_1C_30_B5	1.125(0)	5.0(0)	1.429(0)	0.0(0)	17.467(0)	58.0(0)	18.692(0)	114.0(0)	0.5(1), 0.923(2), 0.0(0)	1.0(1), 1.0(2), 0.0(0)
PD36813p	0.364(0)	1.0(0)	1.0(0)	3.0(0)	9.8(0)	7.5(0)	15.222(1), 0.75(0)	22.5(1), 2.0(0)	1.0(1), 0.0(0), 0.8(2)	2.0(1), 0.0(0), 1.0(2)
PD37457j7	0.85(0)	3.0(0)	1.091(0)	0.0(0)	0.0(1), 40.857(2), 0.5(0)	0.0(1), 94.0(2), 0.0(0)	0.0(1), 0.7(2), 37.143(0)	0.0(1), 0.0(2), 31.0(0)	0.0(1), 12.5(2), 0.0(0)	0.0(1), 2.0(2), 0.0(0)
PD36814k8	0.897(0)	2.0(0)	3.963(0)	2.0(0)	8.182(0)	10.0(0)	0.4(1), 15.3(0), 0.588(2)	2.0(1), 10.0(0), 1.0(2)	3.294(1), 5.0(2), 0.0(0)	2.0(1), 2.0(2), 0.0(0)
PD34201a_t31	1.083(0)	0.0(0)	1.0(0)	0.0(0)	20.455(0)	1.0(0)	1.25(1), 0.2(2), 0.333(0)	5.0(1), 1.0(2), 1.0(0)	3.5(0)	1.0(0)
B47_273_RE	2.176(0)	3.5(0)	1.7(0)	4.0(0)	0.429(0)	1.0(0)	0.611(0)	1.0(0)	1.0(0)	1.0(0)
C18_277_DE	1.667(1), 0.2(2), 2.0(0)	2.5(1), 1.0(2), 3.0(0)	0.5(0)	0.0(0)	1.0(0)	1.0(0)	0.811(0)	1.0(0)	1.333(0)	2.0(0)
PD34200a_c26	0.5(1), 1.625(2), 0.636(0)	0.0(1), 0.0(2), 2.5(0)	0.762(1), 1.0(2)	0.0(1), 2.0(2)	25.438(0)	49.0(0)	8.412(0)	67.0(0)	0.75(1), 0.8(2), 0.25(0)	1.5(1), 2.0(2), 0.0(0)
B12_180_AS	2.0(0)	1.0(0)	1.385(0)	1.0(0)	1.0(0)	1.0(0)	0.857(0)	1.0(0)	0.833(1), 1.25(0), 1.167(2)	1.0(1), 1.0(0), 1.0(2)
PD37266b_lo0017	1.966(0)	3.0(0)	1.286(0)	0.0(0)	25.769(1), 17.857(0), 1.5(2)	66.5(1), 62.5(0), 3.0(2)	17.0(1), 8.714(2), 40.0(0)	37.0(1), 3.0(2), 119.0(0)	1.154(0)	2.0(0)
PD37226b5	0.333(0)	1.0(0)	0.75(0)	1.0(0)	19.9(0)	6.0(0)	8.222(0)	2.0(0)	1.308(0)	2.0(0)
PD36813z6	0.333(0)	1.0(0)	1.2(1), 1.75(2), 0.0(0)	0.0(1), 3.0(2), 0.0(0)	0.25(1), 3.25(2), 2.5(0)	1.0(1), 0.0(2), 5.0(0)	26.133(0)	57.0(0)	2.85(0)	2.0(0)
B35_130_TR	2.467(1), 0.0(0), 2.111(2)	5.0(1), 0.0(0), 5.0(2)	1.316(0)	1.0(0)	0.6(0)	1.0(0)	0.421(0)	1.0(0)	0.885(0)	1.0(0)
B44_273_TR	2.04(0)	2.0(0)	0.864(0)	1.0(0)	0.875(0)	1.0(0)	1.233(0)	1.0(0)	0.711(0)	1.0(0)
PD34200a_s8	0.688(0)	1.0(0)			27.133(0)	30.5(0)	0.667(1), 18.333(2), 59.0(0)	0.0(1), 53.0(2), 10.0(0)	4.571(0)	2.5(0)
030_CE_T	1.273(0)	2.0(0)	1.476(0)	2.0(0)	0.949(0)	1.0(0)	1.486(0)	2.0(0)	0.87(0)	1.0(0)
PD36813j6	1.077(0)	1.5(0)			14.1(0)	0.0(0)	5.667(0)	2.0(0)	1.217(0)	2.0(0)
D8_076_AS	0.917(0)	2.0(0)	1.0(0)	1.0(0)	0.524(0)	1.0(0)	0.951(0)	1.0(0)	1.238(0)	1.0(0)
PD34199a_t31	0.6(0)	2.0(0)	2.667(1), 1.1(2), 0.0(0)	0.0(1), 0.0(2), 0.0(0)	14.8(0)	13.0(0)	1.857(1), 43.0(0)	2.0(1), 107.0(0)	1.333(1), 1.071(2), 13.0(0)	0.0(1), 2.5(2), 39.0(0)
PD34200a_c8	0.786(0)	1.0(0)			0.0(1), 0.0(0), 22.6(2)	0.0(1), 0.0(0), 1.0(2)	18.846(0)	8.0(0)	1.143(0)	2.0(0)
C14_115_TR	0.417(1), 1.125(2)	1.0(1), 6.0(2)	1.32(0)	2.0(0)	0.324(1), 0.286(2)	1.0(1), 1.0(2)	1.137(0)	1.0(0)	1.667(0)	1.0(0)
PD37226d4	0.667(0), 0.5(0)	1.5(0), 0.0(0)	1.077(0)	0.0(0)	0.917(0)	1.0(0)	11.333(0)	63.0(0)	4.778(0)	2.0(0)
PD37226l5	1.308(0)	2.0(0)	1.462(0)	0.0(0)	17.7(0)	87.0(0)	11.1(0)	20.0(0)	6.2(1), 0.75(2), 0.455(0)	26.5(1), 2.0(2), 1.0(0)
PD34199a_c28	0.231(0)	1.5(0)	1.333(0)	11.0(0)	8.4(0)	3.5(0)	0.4(1), 0.75(2), 0.0(0)	1.0(1), 2.0(2), 0.0(0)	0.4(1), 1.083(2), 1.714(0)	1.0(1), 1.0(2), 11.0(0)
PD36813b6	1.273(0)	3.5(0)	0.895(0)	0.0(0)	15.867(0)	22.0(0)	1.692(0)	2.0(0)	3.8(1), 0.0(0), 3.333(2)	2.0(1), 0.0(0), 0.0(2)
D24_093_RE	1.452(0)	2.0(0)	1.207(0)	1.0(0)	1.44(0)	2.0(0)	1.08(0)	1.0(0)	1.0(0)	1.0(0)
B27_116_AS	2.765(1), 1.667(2), 0.0(0)	0.0(1), 3.0(2), 0.0(0)	1.133(0)	1.0(0)	0.429(1), 1.071(2)	0.0(1), 1.0(2)	1.179(1)	1.0(1)	2.226(0)	4.0(0)
PD37457i5	0.529(0)	2.0(0)	1.533(0)	1.5(0)	0.0(1), 0.0(0), 24.818(2)	0.0(1), 0.0(0), 28.0(2)	0.7(0)	1.0(0)	2.533(0)	1.0(0)
Laurel-6	0.846(0)	1.5(0)			0.889(0)	1.0(0)	0.667(0)	1.0(0)	1.286(0)	2.0(0)
A1__031_AS	0.517(1), 1.25(2)	1.0(1), 5.0(2)	0.474(0)	2.0(0)	0.619(0)	1.0(0)	1.107(0)	2.0(0)	1.333(0)	2.0(0)
PD37226e5	0.417(0)	2.0(0)			19.833(0)	37.0(0)	4.312(0)	1.0(0)	1.588(0)	2.0(0)
PD37449e_lo0001	1.444(0)	2.0(0)	0.25(1), 8.0(2), 0.0(0)	1.0(1), 2.0(2), 0.0(0)			11.5(0)	112.0(0)	0.895(1)	3.0(1)
PD37226g6	0.2(0)	1.0(0)	1.714(0)	0.0(0)	33.238(0)	45.0(0)	1.25(1), 0.75(0), 19.727(2)	5.0(1), 1.5(0), 0.0(2)	7.609(0)	2.0(0)
PD34200a_i22	0.923(0)	2.0(0)	1.077(0)	0.0(0)	18.615(1), 0.0(2), 73.2(0)	31.0(1), 0.0(2), 123.0(0)	0.714(1), 0.0(0)	1.0(1), 0.0(0)	1.071(0)	2.0(0)
PD37226f7	0.933(0)	2.0(0)	0.667(1), 1.143(2), 2.375(0)	1.0(1), 1.5(2), 3.0(0)	0.333(1), 16.7(2), 24.222(0)	1.0(1), 26.5(2), 103.0(0)	1.4(0)	2.0(0)	5.619(0)	1.0(0)
PD36813l8	1.091(0)	2.0(0)	1.182(0)	0.0(0)	14.308(0)	87.0(0)	25.333(0)	3.5(0)	0.833(1), 0.0(0), 3.455(2)	2.0(1), 0.0(0), 2.0(2)
PD37226m5	0.9(1), 0.75(2), 0.625(0)	2.0(1), 3.0(2), 3.0(0)	1.769(0)	1.5(0)	4.929(0)	1.5(0)	10.846(0)	3.0(0)	1.273(0)	2.0(0)
PD36814g8	0.0(1), 0.0(0), 0.375(2)	0.0(1), 0.0(0), 0.0(2)	1.038(0)	3.0(0)	0.462(0)	0.0(0)	0.5(1), 1.0(2), 49.0(0)	2.0(1), 1.5(2), 73.5(0)	9.762(0)	2.0(0)
PD36814f4	0.19(0)	1.0(0)	0.8(0)	0.0(0)	23.267(0)	31.5(0)	7.467(0)	1.0(0)	0.0(1), 0.0(0), 0.429(2)	0.0(1), 0.0(0), 1.0(2)
B14_031_CE	0.967(1)	1.5(1)	1.8(0)	1.0(0)	1.074(0)	1.0(0)	1.281(0)	2.0(0)	0.81(0)	1.0(0)
PD37449d_lo0001	1.19(0)	2.0(0)	1.4(0)	1.0(0)	27.062(0)	58.5(0)	19.7(0)	45.0(0)	0.667(1), 2.167(2), 0.5(0)	0.0(1), 3.0(2), 2.0(0)
PD34201a_t8	0.556(0)	2.5(0)	1.889(0)	0.0(0)	39.667(0)	52.0(0)	18.25(0)	41.0(0)	0.333(1), 0.455(2), 33.5(0)	0.0(1), 2.0(2), 60.0(0)
Laurel-10	1.2(0)	1.5(0)	1.2(0)	1.5(0)	0.538(0)	1.0(0)	0.879(0)	1.0(0)	1.444(0)	1.0(0)
PD37226o5	0.854(0)	2.0(0)	1.8(0)	2.0(0)	19.571(1), 10.765(2), 0.0(0)	61.0(1), 89.5(2), 0.0(0)	14.694(1), 0.0(0), 16.286(2)	2.0(1), 0.0(0), 13.0(2)	2.611(1), 0.45(2), 0.0(0)	1.0(1), 3.0(2), 0.0(0)
PD37226l6	0.0(0), 0.875(0)	0.0(0), 0.0(0)	0.833(0)	1.5(0)	20.286(1), 39.6(0), 1.5(2)	53.0(1), 98.5(0), 2.0(2)	0.0(1), 0.714(2), 10.0(0)	0.0(1), 0.0(2), 39.0(0)	1.667(1), 36.0(2), 3.0(0)	3.5(1), 54.0(2), 0.0(0)
GIB-277	1.0(0)	1.0(0)	0.29(0)	1.0(0)	0.3(0)	2.0(0)	0.871(0)	2.0(0)	1.185(0)	9.0(0)
B4_076_SI	1.25(0)	4.5(0)	1.5(0)	1.0(0)	1.214(0)	1.0(0)	1.529(0)	1.0(0)	0.955(0)	1.0(0)
B15_148_RE	0.294(1), 1.5(2)	1.0(1), 4.0(2)	1.412(0)	1.0(0)	1.208(0)	0.0(0)	0.5(0)	1.0(0)	0.964(0)	1.5(0)
C15_277_TR	0.927(1), 1.077(2)	1.0(1), 0.0(2)	1.127(0)	1.0(0)	0.75(0)	1.0(0)	1.463(0)	1.0(0)	0.571(0)	1.0(0)
PD37590b_lo0117	1.562(1), 0.0(0)	4.0(1), 0.0(0)	1.774(0)	0.0(0)	16.667(1), 0.6(2)	46.0(1), 1.0(2)	6.941(1), 0.75(2), 21.0(0)	53.5(1), 2.0(2), 123.0(0)	3.268(1), 0.0(0)	2.0(1), 0.0(0)
GIB-030	0.429(0)	1.0(0)	0.439(0)	1.0(0)	0.406(0)	0.0(0)	1.263(1), 1.958(2), 1.0(0)	0.0(1), 2.0(2), 0.0(0)	0.58(0)	1.0(0)
PD36813l	0.333(0)	2.0(0)	1.538(0)	1.0(0)	2.316(0)	16.5(0)	28.611(0)	52.0(0)	6.684(0)	1.0(0)
PD34200a_i54	0.333(0)	0.0(0)	1.5(0)	0.0(0)	22.625(0)	42.0(0)	8.933(0)	11.0(0)	0.0(1), 0.25(0), 7.333(2)	0.0(1), 1.0(0), 29.5(2)
PD37449d_lo0011	1.727(0)	3.5(0)	0.364(1), 1.167(2)	1.5(1), 0.0(2)	14.333(1), 0.5(0), 1.0(2)	53.0(1), 1.0(0), 1.0(2)	5.435(1), 0.0(0), 2.4(2)	1.0(1), 0.0(0), 3.0(2)	2.0(0)	1.5(0)
GIB-019	2.316(0)	6.0(0)	0.732(1)	1.5(1)	0.514(0)	1.0(0)	0.944(0)	1.0(0)	0.721(0)	1.0(0)
PD34200a_t12	0.0(0)	0.0(0)	0.75(0)	1.5(0)	27.294(0)	52.5(0)	6.364(0)	1.0(0)	14.5(0)	2.0(0)
PD36813q14	0.0(1), 1.909(2)	0.0(1), 2.0(2)	0.765(1), 0.417(2)	3.0(1), 0.0(2)	13.588(0)	25.0(0)	0.6(1), 17.588(2), 0.0(0)	3.0(1), 3.0(2), 0.0(0)	3.0(1), 0.0(0)	2.0(1), 0.0(0)
PD34200a_s10	1.071(0)	3.0(0)	0.833(0)	1.0(0)			7.286(0)	48.0(0)	0.938(0)	1.0(0)
PD34199a_t14	0.846(0)	2.0(0)	1.0(1), 5.333(2), 0.333(0)	0.0(1), 1.0(2), 0.0(0)	11.929(0)	2.0(0)	12.429(0)	40.0(0)	2.538(1), 1.8(2), 0.0(0)	14.0(1), 0.0(2), 0.0(0)
PD37514a3	1.222(0)	0.0(0)	2.05(0)	0.0(0)	3.2(0)	17.0(0)	7.6(1), 11.5(2), 19.8(0)	10.0(1), 44.0(2), 49.5(0)	0.7(1), 0.0(0), 0.75(2)	2.0(1), 0.0(0), 0.0(2)
PD37226l7	0.222(0)	2.0(0)			22.5(0)	43.0(0)	10.5(0)	14.5(0)	0.455(1), 0.0(0), 2.429(2)	2.0(1), 0.0(0), 8.0(2)
PD34199a_s2	0.591(0)	2.0(0)	1.105(0)	1.0(0)	13.375(0)	17.5(0)	16.875(1), 6.333(2), 0.8(0)	62.0(1), 4.0(2), 1.5(0)	0.75(1), 0.9(2), 21.2(0)	1.0(1), 2.0(2), 5.0(0)
PD37590b_lo0090	0.743(1), 0.0(0)	1.0(1), 0.0(0)	1.962(0)	0.0(0)	11.444(1), 0.0(0), 10.6(2)	90.0(1), 0.0(0), 89.0(2)	10.513(1), 24.462(0)	13.0(1), 100.0(0)	2.0(1), 2.0(2), 6.375(0)	1.0(1), 2.0(2), 4.5(0)
PD36719a_lo048	0.731(0)	2.0(0)	0.9(0)	1.0(0)	0.0(1), 34.667(2), 0.0(0)	0.0(1), 55.5(2), 0.0(0)	11.208(1), 0.0(0)	36.0(1), 0.0(0)	1.667(1), 1.722(2), 2.077(0)	1.0(1), 2.0(2), 2.0(0)
PD36719a_lo072	1.529(1), 0.0(0), 0.714(2)	2.0(1), 0.0(0), 1.0(2)	2.368(0)	1.0(0)	29.667(0)	64.0(0)	5.7(0)	16.0(0)	2.0(0)	2.0(0)
Laurel-11	1.5(1), 1.133(2), 0.8(0)	0.0(1), 1.0(2), 1.0(0)	1.208(0)	1.0(0)	0.783(0)	1.0(0)	1.391(0)	1.0(0)	0.929(0)	1.0(0)
PD37226p7	1.667(1), 0.0(0), 1.333(2)	2.0(1), 0.0(0), 4.0(2)	2.111(0)	0.0(0)	3.273(1), 0.935(2)	2.0(1), 1.0(2)	0.87(1), 6.455(2)	2.0(1), 2.0(2)	0.567(1), 0.733(2)	1.0(1), 1.0(2)
PD34199a_c31	1.0(1), 0.571(2), 0.0(0)	0.0(1), 2.0(2), 0.0(0)	1.6(0)	0.0(0)	13.2(0)	51.0(0)	10.5(0)	18.0(0)	4.185(0)	3.0(0)
PD37265h6	0.417(0)	1.0(0)	2.5(1), 1.222(2), 0.0(0)	3.0(1), 1.0(2), 0.0(0)	8.5(0)	22.0(0)	19.667(0)	4.0(0)	5.833(0)	2.0(0)
Laurel-12	1.25(0)	1.0(0)	0.778(0)	1.0(0)	0.941(0)	1.0(0)	0.846(0)	1.0(0)	1.08(0)	1.0(0)
PD34201a_t20	0.308(0)	1.5(0)	0.933(0)	0.0(0)	11.0(0)	11.0(0)	5.0(0)	30.0(0)	0.75(1), 14.375(2), 0.25(0)	0.0(1), 47.0(2), 1.0(0)
PD37590b_lo0033	0.622(0)	1.0(0)	1.409(0)	2.0(0)	7.029(1), 40.333(0)	2.0(1), 60.5(0)	6.769(1), 39.0(0)	1.0(1), 117.0(0)	1.667(1), 2.833(2), 3.0(0)	2.0(1), 5.0(2), 4.0(0)
B19_277_TC	1.76(0)	2.0(0)	1.478(0)	1.0(0)	2.091(0)	2.0(0)	1.156(0)	1.0(0)	0.882(1)	1.0(1)
029_DC_T	1.333(0)	2.0(0)	1.524(0)	0.0(0)	0.773(0)	1.0(0)	0.455(0)	1.0(0)	1.389(1), 0.778(2), 1.294(0)	2.0(1), 1.0(2), 2.0(0)
PD36814f8	1.0(0)	2.0(0)	0.667(1), 0.0(2)	0.0(1), 0.0(2)			3.471(0)	8.0(0)	7.176(0)	3.0(0)
PD34200a_t20	1.333(0)	2.5(0)	0.0(1), 1.2(2), 1.5(0)	0.0(1), 1.0(2), 1.0(0)	0.2(1), 17.8(2), 0.5(0)	1.0(1), 24.0(2), 1.0(0)	4.462(0)	1.0(0)	2.462(0)	3.0(0)
PD36813c3	1.333(0)	0.0(0)	0.545(0)	0.0(0)	3.5(1), 0.5(2)	14.0(1), 1.0(2)			9.571(1), 4.769(2), 0.0(0)	2.5(1), 2.0(2), 0.0(0)
PD37449e_lo0002	1.067(0)	3.0(0)	1.048(0)	1.0(0)	25.19(0)	36.0(0)	13.583(0)	81.5(0)	1.0(1), 3.412(2), 0.0(0)	2.0(1), 2.0(2), 0.0(0)
D17_130_CE	2.667(1), 2.286(2), 4.5(0)	4.5(1), 2.0(2), 0.0(0)	1.786(0)	1.0(0)	2.286(0)	2.5(0)	1.061(0)	1.0(0)	0.652(0)	1.0(0)
PD36719a_lo066	0.143(0)	1.0(0)	1.85(0)	2.0(0)	13.769(0)	34.0(0)	22.9(0)	59.0(0)	0.571(1), 0.0(0), 6.125(2)	1.0(1), 0.0(0), 2.0(2)
PD34201a_t23	2.125(0)	2.0(0)	0.632(0)	2.0(0)	13.769(0)	14.0(0)	0.333(1), 0.4(2), 68.571(0)	1.0(1), 1.0(2), 94.5(0)	7.55(0)	2.0(0)
PD36813d3	0.423(0)	1.0(0)	5.571(0)	66.0(0)	26.438(0)	48.5(0)	1.214(0)	1.0(0)	0.333(1), 0.714(2), 0.0(0)	0.0(1), 2.0(2), 0.0(0)
PD37449f_lo0011	0.273(0)	2.0(0)	1.154(0)	0.0(0)	7.273(1), 5.167(2), 0.0(0)	1.0(1), 1.0(2), 0.0(0)	0.25(1), 13.75(2), 0.333(0)	1.0(1), 24.0(2), 0.0(0)	3.917(1), 0.0(0), 0.5(2)	1.5(1), 0.0(0), 2.0(2)
PD36814c4	0.0(0)	0.0(0)					0.25(1), 0.0(0), 23.667(2)	1.0(1), 0.0(0), 26.0(2)	0.75(0)	2.0(0)
GIB-115	0.885(1)	3.0(1)	0.485(0)	1.0(0)	0.357(0)	1.0(0)	0.71(0)	0.0(0)	1.0(0)	1.0(0)
PD34201a_t19	0.583(0)	1.0(0)			38.231(0)	68.0(0)	10.8(0)	52.5(0)	7.947(0)	2.0(0)
PD34201a_s47	0.667(0)	5.5(0)	1.25(1), 2.0(2), 0.0(0)	0.0(1), 0.0(2), 0.0(0)	0.25(1), 25.667(2), 0.667(0)	0.0(1), 37.0(2), 0.0(0)	9.0(0)	2.0(0)	2.947(1), 0.0(0), 0.714(2)	2.0(1), 0.0(0), 1.0(2)
GIB-58	1.167(1), 0.762(2), 0.455(0)	0.0(1), 1.0(2), 1.0(0)	0.844(0)	1.0(0)	0.364(0)	1.0(0)	1.552(0)	1.0(0)	3.824(0)	25.0(0)
PD36813y15	1.263(1), 0.0(0)	2.0(1), 0.0(0)	1.393(0)	1.0(0)	24.889(0)	25.0(0)	0.75(1), 0.938(2), 22.2(0)	1.5(1), 1.0(2), 40.0(0)	1.667(0)	1.5(0)
PD34200a_t28	1.1(1), 0.0(2), 1.167(0)	0.0(1), 0.0(2), 0.0(0)	1.0(0)	1.0(0)	14.462(0)	52.0(0)	9.8(0)	97.0(0)	13.571(1), 13.5(2), 0.25(0)	2.0(1), 12.0(2), 1.0(0)
HLS_1C_30_H5	0.769(0)	4.0(0)	0.375(0)	0.0(0)	13.7(0)	42.0(0)	23.944(0)	69.0(0)	0.0(1), 0.833(2), 0.667(0)	0.0(1), 2.0(2), 2.0(0)
PD37266b_lo0007	1.133(0)	2.0(0)	1.2(0)	1.5(0)	13.8(1), 0.4(2)	9.0(1), 1.0(2)	35.333(1), 3.25(2), 15.714(0)	53.5(1), 13.0(2), 105.0(0)	0.692(1), 0.875(2), 0.0(0)	2.0(1), 2.0(2), 0.0(0)
B42_277_RTM	0.429(1), 1.5(2), 1.333(0)	1.0(1), 1.0(2), 2.5(0)	1.024(0)	1.0(0)	0.708(0)	2.0(0)	1.276(0)	2.0(0)	0.842(0)	1.5(0)
19_27TR	0.941(0)	1.0(0)	1.762(0)	1.0(0)	0.8(0)	1.0(0)	4.133(0)	44.0(0)	0.778(0)	1.5(0)
PD34200a_t37	0.875(0)	5.0(0)	0.0(1), 0.5(0), 1.143(2)	0.0(1), 0.0(0), 1.0(2)	21.2(1), 10.2(2), 0.25(0)	58.5(1), 51.0(2), 0.0(0)	19.111(0)	68.0(0)	0.333(1), 4.8(2), 1.0(0)	1.0(1), 1.0(2), 0.0(0)
PD34200a_s2	0.643(0)	4.5(0)	1.364(0)	3.0(0)	14.167(1), 4.75(2), 0.0(0)	5.0(1), 36.0(2), 0.0(0)	14.733(0)	107.5(0)	1.4(1), 1.0(0), 0.8(2)	2.5(1), 1.0(0), 2.0(2)
B33_153_AS	0.941(1), 0.385(2)	1.0(1), 0.0(2)	0.667(0)	1.0(0)	0.538(0)	1.0(0)	0.583(0)	1.5(0)	1.581(0)	2.0(0)
12b_D12_84_TR	0.879(0)	2.0(0)	1.7(0)	1.0(0)	0.517(0)	1.0(0)	2.811(0)	3.0(0)	1.375(0)	2.5(0)
PD34201a_t28	2.357(0)	0.0(0)	0.444(0)	0.0(0)	32.25(0)	34.5(0)	7.455(1), 0.333(0), 0.75(2)	12.0(1), 1.0(0), 1.0(2)	0.833(1), 0.818(2), 13.909(0)	1.0(1), 1.0(2), 3.0(0)
PD37226d5	0.182(0)	2.0(0)			16.278(0)	51.0(0)			1.154(0)	3.0(0)
PD37449e_lo0003	0.667(0)	1.0(0)	0.824(0)	0.0(0)	19.941(0)	30.0(0)	5.706(0)	1.0(0)	0.0(1), 0.0(0), 1.455(2)	0.0(1), 0.0(0), 3.0(2)
PD37513b7	0.0(0)	0.0(0)	7.4(0)	59.0(0)	30.188(0)	66.0(0)	11.643(0)	22.0(0)	3.0(0)	3.0(0)
PD34200a_c42	0.462(0)	1.0(0)	1.333(0)	0.0(0)	43.375(0)	50.0(0)	12.0(0)	54.5(0)	8.857(0)	2.0(0)
A10__180_DC	1.188(0)	2.0(0)	0.75(0)	1.0(0)	0.737(0)	1.0(0)	1.963(0)	1.0(0)	0.667(1), 1.0(2), 2.0(0)	1.0(1), 2.5(2), 3.0(0)
D26_084_SI	1.194(0)	1.0(0)	1.289(0)	1.0(0)	2.069(0)	1.0(0)	2.233(0)	3.0(0)	0.786(0)	1.0(0)
PD37226j5	1.444(0)	4.0(0)	0.938(0)	1.5(0)	14.0(0)	54.0(0)	1.231(0)	4.0(0)	3.143(1), 3.556(2), 0.0(0)	1.0(1), 2.0(2), 0.0(0)
PD34201a_t35	0.167(1), 1.182(2), 1.0(0)	0.0(1), 3.5(2), 0.0(0)	0.786(0)	1.0(0)	13.667(1), 33.0(0), 3.4(2)	26.0(1), 66.0(0), 1.0(2)	0.5(1), 0.444(2), 30.111(0)	0.0(1), 2.0(2), 1.0(0)	4.609(0)	2.0(0)
PD28690cb_2_g1	0.0(1), 0.0(0), 0.667(2)	0.0(1), 0.0(0), 1.0(2)	1.138(0)	1.0(0)	0.583(1), 0.0(0), 10.0(2)	2.0(1), 0.0(0), 4.0(2)	15.684(0)	12.5(0)	3.056(0)	2.0(0)
PD36814h2	1.333(0)	1.0(0)	1.059(0)	0.0(0)	8.6(0)	0.0(0)	2.0(1), 13.333(2)	0.0(1), 1.5(2)	7.952(0)	3.0(0)
GIB-84	0.938(0)	2.0(0)	0.4(0)	0.0(0)	0.7(0)	1.0(0)	0.909(0)	3.0(0)	0.267(0)	1.0(0)
PD37226k2	0.4(0)	3.0(0)	2.091(0)	0.0(0)	14.5(1), 27.714(0), 14.833(2)	84.0(1), 3.0(0), 7.0(2)	10.385(0)	24.0(0)	0.0(1), 0.0(0), 1.167(2)	0.0(1), 0.0(0), 1.5(2)
PD36813ab10	0.5(0)	1.0(0)	1.211(0)	0.0(0)	2.333(1), 6.8(2), 0.667(0)	13.0(1), 2.0(2), 2.0(0)	1.444(1), 0.5(2), 21.0(0)	1.0(1), 1.0(2), 83.0(0)	5.667(0)	2.0(0)
PD34201a_s7	2.067(0)	0.0(0)	1.0(0)	0.0(0)	25.15(0)	46.0(0)	10.467(1), 8.667(2), 1.0(0)	52.0(1), 11.5(2), 0.0(0)	2.789(0)	2.0(0)
PD37509b9	0.0(1), 0.909(2), 0.0(0)	0.0(1), 2.5(2), 0.0(0)	1.417(0)	1.0(0)	7.158(1), 0.0(0), 20.8(2)	1.0(1), 0.0(0), 0.0(2)	0.0(1), 25.111(2)	0.0(1), 55.5(2)	8.412(1), 0.0(0), 10.143(2)	3.0(1), 0.0(0), 64.0(2)
PD34200a_c14	0.3(0)	3.0(0)	1.214(0)	1.0(0)			0.333(1), 9.3(2), 40.333(0)	0.0(1), 2.0(2), 3.0(0)	6.444(1), 0.0(0), 3.571(2)	2.0(1), 0.0(0), 10.0(2)
PD34199a_s16	0.533(0)	1.5(0)			24.308(0)	11.0(0)	0.5(1), 13.625(2), 0.5(0)	0.0(1), 5.0(2), 1.0(0)	0.667(1), 1.167(2), 5.833(0)	1.0(1), 2.0(2), 0.0(0)
PD36813o9	0.515(0)	1.0(0)			13.0(1), 26.133(2), 0.0(0)	52.0(1), 37.5(2), 0.0(0)	12.65(0)	19.0(0)	4.0(0)	2.0(0)
C16_180_CE	2.333(1), 1.292(2), 1.111(0)	2.5(1), 1.0(2), 1.0(0)	1.032(0)	1.0(0)	0.348(1), 0.0(2)	1.0(1), 0.0(2)	0.844(1), 1.133(2), 0.0(0)	1.0(1), 2.0(2), 0.0(0)	1.091(1), 1.048(2), 1.684(0)	2.0(1), 2.0(2), 3.0(0)
PD36814b7	0.4(0)	2.0(0)	0.333(1), 0.0(0), 1.333(2)	0.0(1), 0.0(0), 2.5(2)	7.952(1), 0.0(0)	16.0(1), 0.0(0)	3.875(0)	28.5(0)	9.071(1), 0.0(0), 1.273(2)	2.0(1), 0.0(0), 0.0(2)
GIB-76	0.438(0)	1.0(0)	0.6(0)	1.0(0)	0.29(0)	1.0(0)	0.808(0)	1.0(0)	0.464(0)	1.0(0)
PD34200a_c47	0.471(0)	1.0(0)	1.2(0)	2.0(0)	17.059(0)	23.0(0)	5.5(0)	34.0(0)	0.667(1), 1.4(2), 0.25(0)	0.0(1), 3.0(2), 2.0(0)
PD37265e	2.429(0)	0.0(0)	1.25(0)	0.0(0)	0.714(1), 13.333(2)	1.5(1), 27.0(2)	5.875(0)	2.0(0)	3.182(1), 0.3(2), 0.0(0)	16.0(1), 1.0(2), 0.0(0)
PD36813ac2	1.172(0)	2.0(0)	1.414(0)	1.0(0)	0.8(1), 0.789(2), 41.667(0)	1.0(1), 1.0(2), 62.5(0)	0.25(1), 14.667(2), 0.0(0)	0.0(1), 10.0(2), 0.0(0)	0.0(1), 0.0(0), 4.167(2)	0.0(1), 0.0(0), 3.0(2)
PD37226j7	1.111(0)	3.0(0)	1.25(0)	0.0(0)	15.4(0)	35.0(0)	29.818(0)	96.5(0)	3.5(0)	2.0(0)
PD37226i8	1.15(0)	3.0(0)			40.778(0)	76.0(0)	6.231(0)	36.0(0)	6.722(0)	2.5(0)
PD28690cb_2_g3	0.0(0)	0.0(0)	1.167(0)	0.0(0)	6.308(0)	39.0(0)	13.4(1), 0.2(0), 7.167(2)	35.0(1), 0.0(0), 10.5(2)	1.125(0)	2.0(0)
29_CE	1.643(0)	1.0(0)	0.548(1), 1.0(2)	1.0(1), 0.0(2)	0.56(1), 0.909(2), 0.5(0)	1.0(1), 1.0(2), 0.0(0)	0.667(0)	1.0(0)	1.32(1), 1.6(2), 0.0(0)	1.5(1), 2.0(2), 0.0(0)
PD36813m5	0.385(0)	1.0(0)	2.067(0)	1.0(0)	5.833(1), 6.5(2), 42.0(0)	2.0(1), 8.0(2), 118.0(0)	21.0(0)	20.5(0)	2.4(1), 2.0(2), 2.125(0)	12.0(1), 2.0(2), 3.0(0)
PD34200a_t23	0.4(0)	2.0(0)	0.625(0)	0.0(0)	1.6(0)	1.0(0)	23.857(0)	1.0(0)	0.5(1), 1.667(2), 1.5(0)	2.0(1), 2.0(2), 1.5(0)
D14_074_RE	0.625(1), 0.706(2), 0.0(0)	0.0(1), 1.5(2), 0.0(0)	1.237(0)	2.0(0)	1.0(0)	1.0(0)	1.15(0)	1.0(0)	4.5(0)	1.0(0)
Laurel-5	1.071(0)	1.5(0)	1.37(0)	1.0(0)	1.138(0)	0.0(0)	0.7(0)	1.0(0)	1.261(0)	1.0(0)
HLS_1C_30_G5	0.462(0)	1.5(0)	1.308(0)	0.0(0)	22.0(0)	73.0(0)	0.333(1), 0.833(2), 33.6(0)	1.0(1), 0.0(2), 69.0(0)	0.722(0)	1.5(0)
PD34201a_s24	0.412(0)	1.5(0)	0.467(0)	0.0(0)	0.0(1), 11.2(2), 0.0(0)	0.0(1), 1.0(2), 0.0(0)	0.222(0)	1.0(0)	0.0(1), 17.071(2), 0.0(0)	0.0(1), 2.0(2), 0.0(0)
PD36813ad8	1.167(0)	1.0(0)	1.312(1), 0.0(2)	0.0(1), 0.0(2)	20.81(0)	12.5(0)	8.333(1), 1.667(0)	23.5(1), 0.0(0)	0.75(1), 0.222(0), 10.571(2)	1.5(1), 2.0(0), 2.0(2)
D6_84_RE	0.75(1), 0.462(2)	1.0(1), 1.0(2)	1.27(0)	1.0(0)			1.462(0)	3.0(0)	4.559(0)	4.0(0)
PD37265k3	0.4(0)	2.0(0)	1.3(0)	1.0(0)	0.0(1), 6.4(2), 4.333(0)	0.0(1), 7.5(2), 13.0(0)	0.0(1), 0.545(2), 21.667(0)	0.0(1), 2.0(2), 49.0(0)	0.857(1), 11.143(2), 12.667(0)	0.0(1), 37.0(2), 4.0(0)
PD36813k	0.429(0)	1.0(0)	1.75(0)	2.5(0)	21.333(0)	40.0(0)	6.0(1), 11.286(2), 0.857(0)	12.0(1), 21.0(2), 1.5(0)	5.75(0)	2.0(0)
PD37449e_lo0014	0.857(0)	1.0(0)	1.0(0)	1.0(0)	6.308(0)	77.0(0)	23.4(0)	58.5(0)	0.0(1), 0.0(0), 1.0(2)	0.0(1), 0.0(0), 2.0(2)
PD36813e6	0.333(1), 1.833(2)	0.0(1), 0.0(2)	1.111(0)	2.5(0)			21.0(0)	22.0(0)	0.333(1), 1.0(0), 1.0(2)	1.0(1), 1.5(0), 1.0(2)
PD37266b_lo0023	1.321(1), 0.0(0), 0.0(0)	2.0(1), 0.0(0), 0.0(0)	1.0(1), 0.0(0), 1.286(2)	0.0(1), 0.0(0), 2.0(2)	2.417(0)	2.0(0)	0.0(1), 0.5(2), 27.1(0)	0.0(1), 2.0(2), 55.5(0)	1.697(1)	2.0(1)
PD34202a_s41	0.182(0)	1.0(0)	6.875(0)	1.0(0)	8.077(1), 0.833(0), 16.0(2)	15.0(1), 0.0(0), 27.0(2)	32.111(0)	35.5(0)	0.6(1), 3.0(2), 0.0(0)	1.5(1), 2.0(2), 0.0(0)
PD34201a_t39	0.5(0)	1.5(0)	1.0(1), 1.429(2), 0.0(0)	1.5(1), 3.0(2), 0.0(0)	19.867(0)	5.0(0)	9.741(1), 0.5(0)	3.0(1), 0.0(0)	0.0(1), 0.0(0), 1.0(2)	0.0(1), 0.0(0), 4.0(2)
PD28690cb_2_h3	0.423(0)	1.5(0)	0.789(0)	0.0(0)	16.812(0)	34.5(0)	15.172(0)	5.0(0)	0.857(1), 0.444(0), 3.636(2)	1.5(1), 2.0(0), 1.5(2)
PD34201a_s44	0.348(0)	1.0(0)	0.222(1), 1.25(2)	0.0(1), 0.0(2)	9.385(0)	22.0(0)	8.467(1), 0.4(0)	8.0(1), 1.0(0)	17.0(1), 15.667(2), 0.0(0)	23.5(1), 3.5(2), 0.0(0)
PD34199a_c17	1.375(0)	3.5(0)	0.75(0)	0.0(0)	15.538(1), 19.5(0)	35.5(1), 117.0(0)	3.6(0)	4.5(0)	1.867(0)	3.0(0)
30_TR	1.727(0)	1.5(0)	1.444(0)	1.0(0)	0.483(0)	1.0(0)	1.176(0)	2.0(0)	0.714(0)	1.0(0)
PD37449d_lo0006	1.133(1), 0.0(0)	6.0(1), 0.0(0)	1.071(0)	1.0(0)	13.375(0)	42.5(0)	0.667(1), 0.583(2), 26.375(0)	1.0(1), 1.0(2), 20.5(0)	0.25(1), 0.5(0), 14.25(2)	1.0(1), 2.0(0), 7.0(2)
PD36813q11	0.4(0)	1.0(0)	1.062(0)	1.5(0)	13.421(0)	47.0(0)	4.762(0)	36.0(0)	8.611(0)	3.0(0)
PD37513a2	0.714(0)	1.0(0)	1.333(0)	0.0(0)	9.222(0)	1.0(0)	0.786(1), 0.667(2), 0.0(0)	2.0(1), 2.0(2), 0.0(0)	0.4(1), 1.083(2), 0.0(0)	0.0(1), 2.0(2), 0.0(0)
D16_040_SI	1.038(0)	1.0(0)	1.892(0)	1.0(0)	0.737(0)	1.0(0)	1.32(0)	0.0(0)	0.756(0)	1.0(0)
PD34201a_c41	0.615(0)	2.0(0)	0.917(0)	0.0(0)	18.833(0)	32.0(0)	15.7(0)	47.0(0)	1.0(1), 0.667(2), 2.333(0)	0.0(1), 2.0(2), 0.0(0)
27_CE	0.429(1), 1.7(2)	0.0(1), 1.0(2)	2.143(0)	1.0(0)	0.846(0)	4.0(0)	2.5(0)	3.0(0)	0.917(0)	1.0(0)
PD36814c2	0.368(0)	2.5(0)	1.235(0)	0.0(0)	1.455(0)	1.0(0)	29.667(0)	35.0(0)	0.889(0)	1.0(0)
PD36814k6	1.312(0)	2.0(0)	0.333(0)	1.0(0)	22.75(0)	39.0(0)	3.727(0)	17.5(0)	10.4(1), 2.667(2), 0.0(0)	3.0(1), 3.5(2), 0.0(0)
103_RE	0.44(1), 0.818(2)	1.0(1), 0.0(2)	1.562(0)	1.0(0)	0.481(0)	1.0(0)	0.68(0)	1.0(0)	0.971(0)	1.0(0)
PD36814i4	0.438(0)	1.0(0)	0.4(1), 0.375(2)	0.0(1), 1.0(2)	14.2(0)	24.0(0)	10.167(0)	3.0(0)	7.75(0)	2.0(0)
PD34201a_s4	0.231(0)	0.0(0)	1.562(0)	0.0(0)	14.357(1), 31.5(0)	48.0(1), 125.0(0)	0.0(1), 4.125(2), 0.0(0)	0.0(1), 15.0(2), 0.0(0)	1.4(0)	1.0(0)
PD37226c5	0.3(0)	2.0(0)	1.375(0)	2.0(0)	0.0(1), 28.5(2), 0.0(0)	0.0(1), 36.5(2), 0.0(0)	0.25(1), 1.667(0), 0.5(2)	1.0(1), 1.0(0), 1.0(2)	1.5(1), 0.5(2), 0.667(0)	0.0(1), 1.0(2), 2.0(0)
PD36813g4	2.769(0)	2.5(0)	1.0(1), 1.182(2), 1.3(0)	1.0(1), 1.0(2), 0.0(0)	23.167(0)	18.0(0)	8.111(1), 0.0(0)	2.5(1), 0.0(0)	3.545(1), 0.0(0), 6.625(2)	3.0(1), 0.0(0), 19.0(2)
D10_030_RE	1.444(0)	2.0(0)	1.0(0)	1.0(0)			0.64(0)	1.0(0)
PD37265c2	0.273(0)	1.0(0)	1.083(0)	0.0(0)	24.1(0)	26.0(0)	3.444(0)	25.0(0)	0.8(1), 0.429(2), 3.0(0)	1.0(1), 1.0(2), 6.0(0)
PD34200a_t33	0.579(0)	0.0(0)	1.438(0)	0.0(0)	20.588(1), 20.5(0), 0.5(2)	56.0(1), 61.5(0), 2.0(2)	3.679(0)	1.0(0)	1.261(0)	2.0(0)
B3_084_DC	0.85(0)	1.0(0)	1.595(0)	2.0(0)	0.633(1), 1.133(2)	1.0(1), 4.0(2)	1.862(1), 1.0(0), 2.25(2)	3.0(1), 2.0(0), 3.0(2)	0.833(1)	1.0(1)
PD36813ad2	0.458(1), 0.5(2), 0.75(0)	1.0(1), 1.5(2), 3.0(0)	0.529(1), 0.529(2)	1.0(1), 1.0(2)	1.8(1), 1.133(2), 44.6(0)	0.0(1), 1.0(2), 51.0(0)	8.343(1), 1.0(0), 9.364(2)	43.0(1), 0.0(0), 19.0(2)	3.926(1), 0.0(0)	2.0(1), 0.0(0)
PD36814m8	0.1(0)	1.0(0)	1.364(0)	0.0(0)					1.6(1), 0.625(2), 0.0(0)	4.0(1), 1.0(2), 0.0(0)
PD34199a_t18	0.917(0)	3.5(0)	1.312(0)	1.0(0)	14.786(0)	80.0(0)	35.429(1), 18.286(2), 0.333(0)	55.5(1), 31.0(2), 1.0(0)	1.333(1), 11.333(2), 0.0(0)	0.0(1), 8.0(2), 0.0(0)
GIB-148	0.391(0)	1.0(0)	0.792(0)	2.0(0)	0.5(0)	1.0(0)	0.382(0)	1.5(0)	0.417(0)	1.0(0)
PD36813ad9	0.654(0)	1.0(0)	1.867(0)	0.0(0)	20.75(1), 5.571(2)	83.0(1), 1.5(2)	0.833(1), 0.824(2), 38.4(0)	2.0(1), 2.0(2), 65.0(0)	0.444(1), 0.0(2)	0.0(1), 0.0(2)
PD36814l2	0.273(0)	2.0(0)	2.111(0)	0.0(0)	34.75(0)	37.5(0)	4.875(0)	2.5(0)	8.263(0)	2.0(0)
GIB-74	0.588(0)	1.0(0)	1.222(0)	1.0(0)			0.417(0)	1.0(0)	1.333(0)	0.0(0)
PD37265g6	0.462(0)	1.0(0)	1.25(0)	1.0(0)	6.833(0)	13.0(0)	15.143(1), 49.25(0), 19.75(2)	24.5(1), 98.5(0), 34.0(2)	0.5(1), 0.812(2), 0.111(0)	0.0(1), 1.0(2), 1.0(0)
PD37590b_lo0107	1.267(0)	3.0(0)	1.333(1), 0.0(2)	1.0(1), 0.0(2)	31.417(1), 17.962(2), 60.0(0)	70.0(1), 2.0(2), 0.0(0)	7.967(1), 0.5(0)	3.0(1), 1.0(0)	1.0(1), 1.938(2), 0.5(0)	1.0(1), 1.0(2), 0.0(0)
PD36813i4	0.8(1), 0.667(2), 1.571(0)	0.0(1), 1.5(2), 0.0(0)	1.368(0)	1.0(0)	0.0(1), 9.143(2), 59.5(0)	0.0(1), 2.0(2), 0.0(0)	18.0(0)	17.5(0)	0.833(1), 0.3(0), 3.733(2)	2.5(1), 3.0(0), 2.5(2)
C6_153_RE	1.0(0)	2.0(0)			0.667(0)	0.0(0)	0.929(0)	1.0(0)
PD36813e5	1.846(1), 0.667(2)	1.5(1), 1.5(2)	1.846(0)	0.0(0)	13.462(0)	2.0(0)	10.455(0)	30.0(0)	1.5(1), 0.929(2), 4.0(0)	3.0(1), 2.5(2), 4.0(0)
PD36719a_lo018	0.722(0)	5.0(0)	0.4(1), 1.5(2), 0.25(0)	1.0(1), 0.0(2), 0.0(0)	16.5(0)	23.5(0)	13.579(0)	11.0(0)	11.95(0)	2.0(0)
PD37449f_lo0023	0.778(0)	2.0(0)	0.727(1), 6.0(2), 0.0(0)	1.0(1), 57.0(2), 0.0(0)			10.105(0)	47.5(0)	0.0(1), 0.0(0), 6.571(2)	0.0(1), 0.0(0), 21.0(2)
GIB-116	2.167(1), 1.5(2), 0.0(0)	0.0(1), 1.0(2), 0.0(0)	0.5(0)	1.0(0)	0.875(0)	1.0(0)	0.826(0)	2.0(0)	2.158(0)	6.0(0)
D27_074_SI	0.875(0)	2.0(0)	1.125(0)	2.0(0)	4.842(0)	2.5(0)	0.8(0)	1.0(0)	3.0(0)	3.0(0)
058_RE_T	0.8(0)	1.0(0)	2.1(1), 0.375(2)	8.0(1), 1.0(2)	0.5(1), 0.231(2)	0.0(1), 1.0(2)	0.897(0)	1.0(0)	1.0(0)	1.0(0)
PD28690cb_2_h1	0.385(0)	1.0(0)	0.824(0)	0.0(0)	22.267(0)	25.0(0)	2.929(1), 1.333(2), 61.5(0)	18.0(1), 0.0(2), 0.0(0)	1.818(0)	6.0(0)
PD36813t20	0.722(0)	2.0(0)	1.143(0)	2.5(0)	10.636(1), 0.0(2), 29.75(0)	57.5(1), 0.0(2), 116.0(0)	12.588(0)	3.5(0)	7.083(0)	3.0(0)
B22_93_TR	1.3(1), 1.364(2), 0.0(0)	2.0(1), 1.5(2), 0.0(0)	0.912(0)	1.0(0)	0.688(0)	1.0(0)	0.844(0)	1.0(0)	1.105(0)	1.0(0)
PD37449d_lo0017	1.312(0)	4.5(0)	2.0(1), 1.417(2), 0.0(0)	0.0(1), 2.0(2), 0.0(0)	0.333(1), 0.714(2), 0.0(0)	0.0(1), 1.0(2), 0.0(0)	13.278(0)	4.0(0)	0.75(1), 3.4(2), 0.222(0)	1.0(1), 27.0(2), 2.0(0)
D13_076_RE	1.154(0)	1.0(0)	0.75(0)	1.0(0)	0.375(0)	1.0(0)	0.733(0)	1.0(0)	1.2(0)	0.0(0)
B29_09_AS	0.632(1), 0.5(2)	1.0(1), 0.0(2)	0.471(1), 1.5(2)	1.0(1), 4.0(2)	0.417(0)	2.0(0)	2.105(0)	3.0(0)	1.32(0)	1.0(0)
PD34201a_c20	0.857(0)	3.0(0)	1.154(1), 0.429(2)	1.5(1), 0.0(2)	13.375(0)	53.0(0)			5.8(0)	37.0(0)
PD37265e5	0.176(0)	1.0(0)	1.929(0)	0.0(0)	10.5(0)	24.0(0)	1.0(1), 1.143(2), 9.4(0)	0.0(1), 2.0(2), 21.0(0)	6.083(0)	2.0(0)
PD37265f	0.6(0)	1.0(0)	1.364(0)	0.0(0)	6.304(0)	33.0(0)	8.5(0)	1.0(0)	7.214(0)	2.0(0)
Laurel-3	1.0(0)	1.5(0)	0.944(0)	1.0(0)	1.533(1), 0.9(2), 0.0(0)	1.0(1), 1.0(2), 0.0(0)	1.174(0)	1.0(0)	0.643(0)	1.0(0)
PD37512a4	1.125(0)	2.0(0)	1.609(0)	1.0(0)	17.714(1), 6.154(2), 18.143(0)	52.0(1), 3.0(2), 121.0(0)	6.967(0)	1.0(0)	1.5(1), 0.9(2), 0.0(0)	1.5(1), 2.0(2), 0.0(0)
PD34202a_s15	0.706(0)	2.0(0)	3.826(0)	11.0(0)	0.0(1), 30.25(2)	0.0(1), 63.5(2)	8.5(1), 0.429(0), 16.714(2)	2.5(1), 1.5(0), 20.0(2)	1.667(1), 1.091(2), 0.833(0)	2.5(1), 1.5(2), 0.0(0)
PD36813y13	1.158(0)	2.5(0)	1.125(0)	1.0(0)	0.75(1), 21.786(2), 0.6(0)	3.0(1), 42.0(2), 0.0(0)	0.556(1), 35.852(2)	2.0(1), 54.0(2)	1.238(0)	3.0(0)
PD34200a_c32	0.476(0)	3.0(0)	0.5(1), 1.0(0), 1.833(2)	0.0(1), 1.5(0), 2.0(2)	11.846(0)	1.0(0)	0.0(1), 0.778(2), 0.333(0)	0.0(1), 0.0(2), 1.0(0)	6.111(0)	2.5(0)
PD36814d8	3.529(0)	0.0(0)	0.941(0)	1.0(0)	4.5(1), 5.75(2), 24.4(0)	3.0(1), 2.0(2), 122.0(0)	8.125(0)	60.0(0)	0.333(1), 0.333(2), 29.5(0)	1.0(1), 1.0(2), 118.0(0)
PD37512b7	0.357(0)	1.0(0)	2.111(0)	0.0(0)	19.286(0)	47.0(0)	17.818(0)	55.0(0)	0.917(0)	1.5(0)
PD37266c_lo0010	0.733(0)	1.5(0)	0.75(0)	1.0(0)	0.667(1), 0.0(0), 35.8(2)	4.0(1), 0.0(0), 54.0(2)	8.556(1), 0.0(0)	3.5(1), 0.0(0)	1.385(0)	3.0(0)
PD34201a_s6	0.353(0)	1.5(0)	1.188(0)	0.0(0)	17.118(0)	36.0(0)	15.312(0)	76.5(0)	1.333(1), 1.444(2), 0.333(0)	2.0(1), 0.0(2), 2.0(0)
PD37265i7	0.636(0)	6.0(0)	1.0(0)	1.0(0)	6.0(1), 27.062(2)	24.0(1), 17.0(2)	2.786(0)	2.0(0)	0.667(0)	2.0(0)
PD37457e6	0.533(0)	1.0(0)	1.222(0)	0.0(0)	13.312(0)	9.5(0)	14.7(0)	20.5(0)	0.818(0)	1.0(0)
PD37590c_lo0001	0.889(0)	1.0(0)	0.867(1), 0.917(2)	0.0(1), 0.0(2)	3.455(1), 0.0(0), 3.571(2)	30.0(1), 0.0(0), 3.0(2)	12.115(1), 0.0(0)	14.0(1), 0.0(0)	3.37(1), 0.0(0), 1.667(2)	2.0(1), 0.0(0), 5.0(2)
GIB-029	0.4(1), 0.5(2), 0.375(0)	0.0(1), 0.0(2), 1.0(0)	0.792(0)	1.0(0)	0.208(0)	1.0(0)	0.333(0)	1.0(0)	0.944(1), 0.0(0), 1.0(2)	2.0(1), 0.0(0), 7.0(2)
PD36813aa11	0.727(1), 0.0(0), 1.357(2)	1.0(1), 0.0(0), 3.0(2)	1.5(0)	2.0(0)	0.6(1), 32.125(2), 0.333(0)	1.5(1), 85.0(2), 0.0(0)	0.333(1), 17.333(0), 0.333(2)	1.0(1), 24.5(0), 0.0(2)	0.789(0)	2.0(0)
PD34200a_t14	0.25(0)	4.0(0)	2.545(0)	0.0(0)	0.5(1), 0.714(2), 1.75(0)	1.0(1), 1.0(2), 3.5(0)	12.0(0)	25.0(0)	1.0(1), 1.0(0), 6.167(2)	1.0(1), 0.0(0), 15.5(2)
PD37590d_lo0012	0.903(0)	3.0(0)	1.457(0)	2.0(0)	11.118(1), 0.4(0), 14.0(2)	58.5(1), 0.0(0), 24.5(2)	2.656(1), 0.333(0), 18.143(2)	1.0(1), 1.0(0), 37.0(2)	1.895(1)	3.0(1)
PD37266c_lo0012	0.538(0)	1.0(0)	0.786(0)	0.0(0)	15.909(0)	24.0(0)	15.95(0)	34.0(0)	1.2(1), 0.0(0), 2.0(2)	3.0(1), 0.0(0), 5.0(2)
PD36813u2	0.615(0)	2.0(0)	3.0(0)	1.5(0)	7.067(0)	7.5(0)	0.4(1), 1.083(2), 33.0(0)	0.0(1), 1.0(2), 49.0(0)	1.879(1), 0.0(0)	2.0(1), 0.0(0)
PD37265i2	0.8(0)	3.0(0)			0.75(1), 12.0(2), 0.0(0)	1.5(1), 14.0(2), 0.0(0)	1.6(1), 57.5(0), 1.083(2)	2.0(1), 83.0(0), 1.0(2)	1.0(1), 1.5(0), 0.684(2)	1.0(1), 1.0(0), 2.0(2)
PD37226g7	0.273(0)	1.0(0)	1.167(0)	0.0(0)	17.75(0)	23.0(0)	62.812(0)	1.0(0)	10.7(0)	2.0(0)
PD34201a_t32	0.444(0)	2.0(0)	0.75(0)	2.0(0)	4.273(0)	6.0(0)	1.762(1)	2.5(1)	0.846(0)	1.0(0)
A16__084_CE	0.72(0)	1.0(0)			1.111(0)	1.5(0)	1.143(1), 0.909(2)	1.0(1), 1.0(2)	1.067(0)	1.0(0)
PD34201a_t21	0.286(0)	1.0(0)	0.667(0)	0.0(0)	14.188(0)	5.0(0)	12.5(0)	54.0(0)	12.923(0)	4.0(0)
PD36814i	2.4(0)	0.0(0)	1.222(0)	0.0(0)	10.938(0)	21.5(0)	0.5(1), 13.714(2), 27.222(0)	1.0(1), 1.0(2), 122.0(0)
D4_19_TR	1.714(1), 0.771(2)	3.0(1), 2.0(2)	1.0(1), 0.389(2)	0.0(1), 1.0(2)	0.435(0)	1.0(0)	1.143(0)	2.0(0)	0.683(0)	1.0(0)
PD37266b_lo0005	0.583(0)	2.0(0)	0.909(0)	1.0(0)	18.154(1), 0.417(2)	4.0(1), 1.0(2)	12.667(1), 12.412(2), 1.0(0)	30.5(1), 3.0(2), 0.0(0)	1.0(1), 1.167(2), 0.0(0)	1.0(1), 3.0(2), 0.0(0)
B26_115_DC	0.793(0)	1.0(0)	0.882(0)	1.0(0)	0.36(0)	1.0(0)	0.848(0)	1.0(0)	0.852(0)	1.0(0)
PD36814d7	0.5(0)	3.0(0)	1.444(1), 0.267(2)	2.5(1), 0.0(2)	17.111(0)	39.0(0)			0.75(1), 1.5(0), 1.154(2)	3.0(1), 3.0(0), 2.0(2)
PD37265k2	0.875(0)	0.0(0)	0.941(0)	0.0(0)	39.625(0)	34.0(0)	13.455(0)	2.0(0)	2.0(0)	4.0(0)
PD37226c7	1.316(0)	2.0(0)	0.727(0)	0.0(0)	14.75(0)	58.5(0)	0.333(1), 10.182(2), 13.5(0)	0.0(1), 21.0(2), 39.5(0)	1.048(1)	3.0(1)
PD37590b_lo0058	0.923(1), 0.0(0)	2.0(1), 0.0(0)	2.389(0)	0.0(0)	1.2(1), 0.778(2), 30.538(0)	2.0(1), 0.0(2), 23.0(0)	7.2(0)	1.0(0)	3.556(1), 1.562(2), 0.0(0)	2.5(1), 1.0(2), 0.0(0)
PD36719a_lo022	0.8(0)	2.5(0)	1.5(0)	1.0(0)	25.2(1), 30.667(2), 24.4(0)	0.0(1), 60.5(2), 122.0(0)	1.2(1), 0.5(2), 29.167(0)	0.0(1), 1.0(2), 41.0(0)	0.4(1), 21.5(0), 1.0(2)	1.0(1), 30.5(0), 2.5(2)
B23_153_RE	2.25(1), 1.417(2), 1.0(0)	0.0(1), 0.0(2), 2.0(0)	1.25(0)	1.0(0)	0.824(0)	1.0(0)	0.955(1), 0.778(2)	3.0(1), 2.0(2)	1.1(0)	1.0(0)
PD36719a_lo008	0.333(0)	1.0(0)	0.867(0)	0.0(0)	14.88(0)	16.5(0)	15.118(0)	8.5(0)	1.25(1), 1.0(2), 0.0(0)	2.0(1), 4.0(2), 0.0(0)
PD37226i6	0.571(0)	4.0(0)			12.235(0)	7.0(0)			3.636(0)	3.0(0)
PD37590b_lo0051	0.815(1), 0.1(0)	2.0(1), 1.0(0)	2.143(0)	0.0(0)	10.464(1), 0.0(0)	5.0(1), 0.0(0)	7.261(1), 0.0(0)	36.5(1), 0.0(0)	3.96(1), 0.0(0)	2.0(1), 0.0(0)
PD37513a21	0.412(0)	1.0(0)	3.091(0)	2.0(0)	2.957(0)	7.5(0)	30.941(0)	79.5(0)	1.304(0)	2.0(0)
PD37513a13	0.471(0)	1.0(0)	2.364(0)	0.0(0)	14.125(0)	25.0(0)	0.714(1), 1.0(0), 5.8(2)	2.0(1), 2.0(0), 2.0(2)	1.0(1), 0.333(0), 3.846(2)	2.5(1), 3.0(0), 1.0(2)
PD34200a_s18	0.857(0)	2.0(0)	1.043(0)	1.0(0)	22.667(0)	68.5(0)	2.19(0)	10.0(0)	7.148(0)	3.0(0)
29_74TR	1.778(0)	2.0(0)	3.067(0)	0.0(0)	0.708(0)	1.0(0)	0.793(0)	1.0(0)	1.343(0)	2.0(0)
PD34200a_c5	0.333(0)	3.0(0)			5.625(0)	45.0(0)	14.583(0)	1.0(0)	2.083(0)	5.0(0)
PD34199a_c7	1.143(0)	1.0(0)	3.5(0)	1.0(0)	14.636(0)	45.5(0)	5.667(0)	11.5(0)	0.5(1), 1.071(2), 0.0(0)	0.0(1), 3.0(2), 0.0(0)
A8__093_SI	2.5(1), 1.0(2), 1.333(0)	0.0(1), 2.0(2), 0.0(0)	0.632(1), 1.125(2)	1.0(1), 0.0(2)	0.632(0)	1.0(0)	0.571(1), 0.12(2)	3.0(1), 1.0(2)	1.759(0)	1.0(0)
24_130DC	3.684(0)	6.0(0)	0.867(0)	3.0(0)	0.621(0)	1.0(0)	0.902(0)	1.0(0)	1.429(0)	2.0(0)
PD36813k5	0.611(0)	0.0(0)	2.933(1), 0.778(2), 0.0(0)	2.0(1), 1.0(2), 0.0(0)	0.0(1), 12.263(2), 0.0(0)	0.0(1), 15.5(2), 0.0(0)	8.381(0)	6.0(0)	0.067(1), 0.222(2)	0.0(1), 1.0(2)
PD36813i6	3.615(0), 4.385(0)	0.0(0), 0.0(0)	0.867(0)	0.0(0)	20.3(0)	60.0(0)	0.889(0)	1.5(0)	1.167(1), 9.917(2), 0.0(0)	0.0(1), 2.0(2), 0.0(0)
PD36813v4	1.032(0)	5.0(0)	1.818(0)	2.0(0)	18.0(1), 31.25(0)	42.0(1), 124.0(0)	16.6(0)	2.0(0)	2.667(1), 0.0(0), 0.667(2)	3.0(1), 0.0(0), 0.0(2)
PD37265k	4.0(0)	2.0(0)	1.0(0)	1.0(0)	12.3(1), 13.833(2), 29.0(0)	58.0(1), 6.5(2), 115.0(0)	2.0(0)	2.0(0)	5.0(0)	3.0(0)
PD37449f_lo0022	0.696(0)	1.0(0)	3.947(0)	49.0(0)	24.133(0)	35.0(0)	7.682(0)	22.5(0)	0.571(0)	2.0(0)
PD34201a_t22	0.5(0)	1.5(0)	0.364(0)	0.0(0)	0.0(1), 23.364(2)	0.0(1), 25.0(2)	28.0(1), 0.333(2), 0.0(0)	73.0(1), 0.0(2), 0.0(0)	1.5(0)	2.0(0)
PD34201a_t34	0.412(0)	3.5(0)	1.667(1), 1.0(2), 0.0(0)	1.0(1), 0.0(2), 0.0(0)	0.2(1), 13.611(2), 14.5(0)	1.0(1), 35.0(2), 0.0(0)	6.267(1), 0.5(0)	13.5(1), 1.0(0)	7.3(0)	3.0(0)
PD34200a_c23	0.692(0)	3.5(0)	1.125(0)	0.0(0)	24.333(0)	28.5(0)	0.667(0)	1.0(0)	10.438(0)	2.0(0)
PD34200a_c17	0.8(0)	2.0(0)	1.091(0)	1.5(0)	25.0(0)	55.0(0)	18.5(0)	5.0(0)	41.75(0)	121.0(0)
PD37265m3	0.5(0)	3.0(0)	0.909(0)	1.0(0)	10.2(0)	3.0(0)	0.4(1), 1.538(2)	0.0(1), 6.0(2)	9.941(0)	3.0(0)
PD36813aa16	0.625(1), 1.143(2)	4.0(1), 2.0(2)	1.167(0)	1.0(0)	19.222(1), 18.0(2), 0.333(0)	44.5(1), 71.0(2), 1.0(0)	20.0(0)	67.5(0)	0.333(1), 1.8(0), 0.9(2)	0.0(1), 3.5(0), 2.0(2)
A2__148_CE	1.25(0)	1.0(0)	1.27(0)	2.0(0)	0.462(0)	1.0(0)	1.214(0)	1.0(0)	1.2(0)	1.0(0)
PD36814m5	2.68(0)	0.0(0)	1.556(0)	0.0(0)	1.0(1), 18.5(0), 1.375(2)	0.0(1), 55.0(0), 3.0(2)	33.471(0)	70.0(0)
PD37512a11	0.304(0)	1.0(0)	1.167(0)	1.0(0)	2.36(1), 0.5(2), 0.0(0)	1.5(1), 1.0(2), 0.0(0)	0.4(1), 10.625(2)	1.0(1), 2.5(2)	0.0(1), 0.0(0), 1.556(2)	0.0(1), 0.0(0), 2.0(2)
PD37266c_lo0016	0.833(0)	0.0(0)	1.385(0)	2.0(0)	0.333(1), 0.5(2), 12.857(0)	0.0(1), 1.0(2), 3.0(0)	18.524(0)	41.0(0)	13.625(0)	65.0(0)
PD34199a_c5	0.5(0)	0.0(0)	1.0(0)	0.0(0)	0.0(1), 34.222(2), 0.5(0)	0.0(1), 61.0(2), 0.0(0)	30.667(0)	89.0(0)	1.111(1), 0.0(2)	2.0(1), 0.0(2)
PD37449e_lo0010	1.556(0)	2.0(0)	1.0(1), 6.0(2), 0.25(0)	2.0(1), 24.5(2), 0.0(0)	12.632(1), 0.0(0)	29.5(1), 0.0(0)	9.176(0)	39.0(0)	0.0(1), 0.125(0), 8.0(2)	0.0(1), 1.0(0), 38.0(2)
PD34201a_s45	0.278(0)	1.0(0)	1.059(0)	3.0(0)	10.8(0)	28.0(0)	1.0(1), 9.706(2), 40.333(0)	2.0(1), 51.0(2), 121.0(0)	0.667(1), 0.667(2)	0.0(1), 2.0(2)
PD37265g8	0.267(0)	0.0(0)	0.786(0)	2.0(0)	21.417(0)	2.0(0)	2.75(0)	11.0(0)	9.556(1), 0.667(2), 0.0(0)	1.0(1), 1.5(2), 0.0(0)
PD37457b4	2.444(0)	1.0(0)	6.812(0)	76.0(0)	26.333(0)	73.0(0)			5.25(1), 0.0(0)	2.0(1), 0.0(0)
PD37265d	0.385(1), 3.0(2), 0.0(0)	0.0(1), 0.0(2), 0.0(0)	0.789(0)	0.0(0)	16.552(0)	19.0(0)	3.25(0)	1.0(0)	5.158(1), 0.429(2), 0.0(0)	3.0(1), 1.0(2), 0.0(0)
PD37449f_lo0008	2.0(0)	0.0(0)	0.077(1), 0.0(0), 1.286(2)	0.0(1), 0.0(0), 5.0(2)	0.333(1), 11.125(2), 0.0(0)	1.0(1), 11.0(2), 0.0(0)	28.182(0)	25.0(0)	0.545(1), 0.0(0), 14.0(2)	2.0(1), 0.0(0), 31.0(2)
PD34201a_s2	0.294(0)	1.0(0)	2.176(0)	0.0(0)	7.462(0)	11.0(0)	0.75(0)	1.0(0)	2.789(0)	2.0(0)
PD34201a_t44	0.333(1), 0.0(0), 0.333(2)	1.0(1), 0.0(0), 1.0(2)	0.714(0)	0.0(0)	14.0(0)	29.0(0)	5.5(0)	8.0(0)	0.5(1), 0.846(2), 2.167(0)	1.0(1), 2.0(2), 5.5(0)
PD28690bx_2_a5	0.3(0)	0.0(0)	1.273(0)	0.0(0)	0.0(1), 24.562(2), 0.0(0)	0.0(1), 47.0(2), 0.0(0)	0.0(1), 14.4(2), 0.0(0)	0.0(1), 23.0(2), 0.0(0)	5.294(0)	3.0(0)
17_27AS	1.345(0)	4.0(0)	1.394(0)	1.0(0)	0.952(1)	1.0(1)	1.378(0)	2.0(0)	1.231(0)	1.5(0)
PD37226o4	1.25(1), 1.143(2), 0.0(0)	0.0(1), 2.0(2), 0.0(0)	1.75(0)	1.0(0)	14.524(1), 30.75(0), 2.333(2)	46.5(1), 121.5(0), 2.0(2)	10.655(1), 75.667(0)	5.0(1), 0.0(0)	0.923(1), 0.412(0), 8.65(2)	3.0(1), 3.0(0), 35.5(2)
B13_148_DC	0.966(0)	1.0(0)	0.897(0)	1.5(0)	0.875(0)	1.0(0)	0.865(0)	1.0(0)	1.545(0)	1.0(0)
PD36813k3	0.429(0)	1.0(0)	2.438(0)	0.0(0)	16.667(1), 17.875(2), 44.2(0)	48.0(1), 39.0(2), 93.0(0)	27.034(0)	57.0(0)	9.263(0)	4.0(0)
B5_031_RE	2.143(1), 1.2(2), 0.0(0)	3.0(1), 1.0(2), 0.0(0)	1.576(0)	1.0(0)	1.07(0)	2.0(0)	1.077(0)	1.0(0)	0.895(0)	1.0(0)
PD36813l7	0.833(0)	2.0(0)	0.75(1), 0.0(0), 0.636(2)	0.0(1), 0.0(0), 1.0(2)	9.333(1), 15.176(2), 54.5(0)	27.0(1), 7.0(2), 0.0(0)	11.4(0)	13.0(0)	1.0(1), 0.636(2), 1.8(0)	0.0(1), 2.0(2), 0.0(0)
A6__103_CE	1.235(1), 0.0(0)	1.0(1), 0.0(0)	1.645(0)	1.5(0)	0.194(1), 1.714(2)	0.0(1), 0.0(2)	0.516(1), 0.692(2)	1.0(1), 6.0(2)	1.828(0)	1.5(0)
PD36813aa	0.583(0)	3.0(0)	1.043(0)	1.0(0)	14.762(0)	5.0(0)	3.2(0)	28.0(0)	0.667(1), 1.222(2), 0.0(0)	2.0(1), 2.0(2), 0.0(0)
148_SI	1.24(1), 0.0(0), 1.846(2)	2.0(1), 0.0(0), 3.0(2)	1.296(0)	1.0(0)	1.132(0)	1.0(0)	4.179(0)	1.0(0)	0.784(0)	1.0(0)
PD37449f_lo0017	1.364(0)	3.5(0)	0.882(0)	1.0(0)	10.909(0)	33.0(0)	1.0(1), 0.714(2), 31.0(0)	0.0(1), 1.0(2), 46.5(0)	4.125(0)	2.5(0)
Laurel-2	1.067(0)	1.0(0)	1.25(0)	1.0(0)	0.639(0)	1.0(0)	1.174(0)	1.0(0)	1.348(0)	1.0(0)
PD34200a_i33	1.438(0)	0.0(0)			35.7(0)	114.5(0)	5.6(0)	1.5(0)	0.455(0)	2.0(0)
PD37590b_lo0030	0.962(0)	3.0(0)	2.0(1), 2.5(2), 0.0(0)	0.0(1), 1.0(2), 0.0(0)	16.065(0)	9.5(0)	22.76(1), 9.5(2), 17.286(0)	24.0(1), 2.0(2), 1.0(0)	2.167(1), 0.286(0), 2.333(2)	0.0(1), 1.0(0), 5.0(2)
116_TR	2.0(1), 2.294(2), 0.0(0)	2.0(1), 5.0(2), 0.0(0)	1.368(0)	0.0(0)	0.923(0)	1.0(0)	1.5(0)	2.0(0)	1.762(0)	4.0(0)
PD37514b7	0.722(0)	2.0(0)	1.167(0)	0.0(0)	0.0(1), 0.6(2), 0.0(0)	0.0(1), 0.0(2), 0.0(0)	14.417(0)	1.0(0)	6.643(1), 0.0(0), 2.333(2)	2.0(1), 0.0(0), 0.0(2)
PD34199a_s27	0.143(0)	0.0(0)	1.125(0)	0.0(0)	5.071(0)	5.5(0)	39.143(0)	97.5(0)	0.667(1), 0.5(2), 0.0(0)	2.0(1), 2.0(2), 0.0(0)
27_DC	1.0(0)	1.5(0)	1.235(0)	1.0(0)	0.552(0)	1.0(0)	1.85(0)	1.0(0)	1.714(0)	2.0(0)
PD34201a_t42	0.643(0)	1.0(0)	0.6(1), 1.333(2), 0.0(0)	0.0(1), 4.0(2), 0.0(0)	2.267(0)	4.5(0)	17.3(1), 15.0(2), 82.5(0)	30.0(1), 22.5(2), 0.0(0)	0.824(0)	2.0(0)
PD36813j	0.438(0)	2.0(0)	0.692(0)	2.0(0)	24.533(1), 0.75(2), 0.5(0)	87.0(1), 1.5(2), 1.0(0)	14.615(0)	13.5(0)	1.471(0)	2.0(0)
PD34200a_s27	0.231(0)	3.0(0)	1.143(0)	1.5(0)	15.25(1), 16.643(2)	34.0(1), 111.0(2)	28.667(0)	76.0(0)	5.889(0)	3.0(0)
PD37449d_lo0002	0.286(0)	1.0(0)	12.4(0)	51.5(0)	0.0(1), 0.6(2), 28.0(0)	0.0(1), 3.0(2), 56.0(0)	6.615(0)	1.0(0)	2.567(0)	3.0(0)
PD37590b_lo0116	1.217(0)	3.5(0)	1.31(0)	1.0(0)	18.724(1), 24.6(0)	83.0(1), 3.0(0)	10.125(1), 0.5(0)	1.0(1), 1.0(0)	1.5(1), 3.812(2), 0.0(0)	1.0(1), 13.5(2), 0.0(0)
PD34200a_c10	0.429(0)	6.0(0)			15.333(1), 46.5(0), 3.333(2)	53.0(1), 88.0(0), 8.0(2)	20.6(0)	48.0(0)	4.944(0)	2.0(0)
PD37449d_lo0003	0.583(0)	1.0(0)	1.143(0)	2.5(0)	1.0(1), 13.0(2), 0.0(0)	1.5(1), 19.5(2), 0.0(0)	20.286(0)	13.0(0)	0.4(1), 1.444(2), 0.333(0)	2.0(1), 2.5(2), 1.5(0)
D11_153_DE	1.7(0)	2.0(0)			0.8(0)	1.5(0)
PD37265f2	0.406(0)	1.0(0)	1.909(0)	0.0(0)	23.812(0)	62.0(0)	10.412(0)	1.0(0)	0.0(1), 0.0(0), 2.692(2)	0.0(1), 0.0(0), 1.0(2)
PD37590c_lo0032	1.115(1), 0.0(0), 0.833(2)	2.0(1), 0.0(0), 0.0(2)	2.529(0)	0.0(0)	2.538(1), 0.0(0)	9.0(1), 0.0(0)	0.375(1), 0.778(2), 15.944(0)	1.0(1), 1.5(2), 28.0(0)	1.667(1), 1.667(0), 2.2(2)	1.5(1), 1.0(0), 1.0(2)
B18_115_TC	1.842(0)	1.5(0)	1.5(0)	2.0(0)	0.5(1), 0.4(2)	1.0(1), 1.0(2)	1.765(0)	0.0(0)	0.885(0)	1.0(0)
PD37226m8	0.294(0)	1.0(0)	1.167(0)	1.5(0)	0.0(1), 25.154(2), 0.0(0)	0.0(1), 56.0(2), 0.0(0)	1.0(0)	1.0(0)	4.684(1), 0.0(0), 1.0(2)	2.0(1), 0.0(0), 0.0(2)
PD37266b_lo0008	0.435(0)	1.0(0)	0.667(1), 1.333(2), 0.0(0)	1.0(1), 0.0(2), 0.0(0)	29.556(0)	25.0(0)	0.0(1), 18.4(2), 0.25(0)	0.0(1), 9.0(2), 1.0(0)	0.759(1), 0.0(0), 1.4(2)	2.0(1), 0.0(0), 1.0(2)
PD37509b8	0.545(0)	3.0(0)	1.391(0)	2.0(0)	0.333(1), 0.778(2), 7.25(0)	0.0(1), 1.0(2), 4.5(0)	9.889(0)	1.0(0)
A13__148_AS	1.25(0)	1.0(0)	1.8(0)	2.0(0)	0.714(0)	0.0(0)	0.758(0)	1.0(0)	0.931(0)	2.0(0)
PD34200a_s20	1.0(0)	3.5(0)	1.692(0)	0.0(0)	2.182(0)	11.0(0)	2.188(0)	2.0(0)	0.182(1), 0.4(2)	1.0(1), 1.0(2)
PD34202a_s12	0.273(0)	2.0(0)	2.0(0)	4.0(0)	0.0(1), 0.0(0), 28.0(2)	0.0(1), 0.0(0), 44.0(2)	13.167(1), 6.333(2), 41.0(0)	32.0(1), 0.0(2), 123.0(0)	0.667(1), 1.5(2), 31.25(0)	0.0(1), 2.0(2), 31.0(0)
PD37590b_lo0041	0.278(0)	1.0(0)	3.273(1), 2.6(2), 0.0(0)	2.0(1), 5.0(2), 0.0(0)	10.478(1), 0.0(0)	57.0(1), 0.0(0)	1.0(1), 0.588(2), 15.933(0)	2.0(1), 1.5(2), 33.5(0)	1.5(1), 2.593(2), 0.75(0)	1.0(1), 5.0(2), 3.0(0)
PD34199a_c22	0.364(0)	1.0(0)	0.7(0)	1.0(0)	23.294(0)	62.0(0)			3.0(0)	4.0(0)
PD34201a_t45	2.312(0)	3.0(0)	0.462(0)	0.0(0)	11.273(0)	37.0(0)	0.0(1), 0.0(0), 11.444(2)	0.0(1), 0.0(0), 13.0(2)	2.467(1), 0.0(0), 1.6(2)	2.0(1), 0.0(0), 0.0(2)
GIB-130	2.6(1), 3.0(2), 2.857(0)	0.0(1), 0.0(2), 0.0(0)	0.609(0)	1.0(0)	0.389(0)	2.0(0)	0.333(0)	1.0(0)	0.464(0)	2.0(0)
PD37514b8	6.333(1), 0.0(2), 0.0(0)	0.0(1), 0.0(2), 0.0(0)			1.0(1), 0.667(2), 9.5(0)	1.5(1), 1.0(2), 0.0(0)			1.778(0)	0.0(0)
PD36813h5	0.455(0)	1.5(0)	1.714(0)	0.0(0)	0.0(1), 19.667(2), 0.0(0)	0.0(1), 114.0(2), 0.0(0)	6.933(0)	4.0(0)	0.143(1), 0.4(2)	1.0(1), 1.0(2)
PD36813ae3	0.6(1), 0.0(0)	1.0(1), 0.0(0)	1.571(0)	1.0(0)	5.35(0)	5.0(0)	10.643(0)	69.5(0)	1.0(1), 1.8(0), 0.667(2)	0.0(1), 3.0(0), 1.0(2)
PD37449c_lo0017	1.0(0)	2.5(0)	0.111(0)	0.0(0)	12.444(0)	2.0(0)	4.474(0)	12.5(0)	8.583(1), 0.0(0), 1.167(2)	1.0(1), 0.0(0), 0.0(2)
PD34199a_c27	0.727(0)	1.5(0)	0.333(1), 0.0(0), 1.25(2)	0.0(1), 0.0(0), 1.0(2)	30.0(1), 5.0(2), 0.0(0)	120.0(1), 1.5(2), 0.0(0)
PD36813z15	0.846(0)	2.0(0)	1.778(0)	0.0(0)	0.25(0)	1.0(0)	16.789(0)	2.0(0)	2.188(0)	2.0(0)
PD36813x15	1.333(0)	2.5(0)	2.15(0)	0.0(0)	17.933(0)	63.5(0)	8.824(0)	29.5(0)	0.0(1), 0.0(0), 2.368(2)	0.0(1), 0.0(0), 1.0(2)
PD37513b8	0.706(0)	1.5(0)	0.8(0)	1.0(0)	1.333(1), 13.286(2), 0.0(0)	0.0(1), 3.0(2), 0.0(0)	11.385(1), 0.333(0), 0.0(2)	55.0(1), 0.0(0), 0.0(2)	1.0(0)	2.0(0)
PD34201a_c1	1.0(0)	3.5(0)	0.917(0)	0.0(0)	9.75(0)	2.0(0)	4.286(0)	6.0(0)	0.333(1), 0.8(2), 23.833(0)	0.0(1), 1.0(2), 65.0(0)
PD36813o2	0.955(1), 0.0(0)	1.5(1), 0.0(0)	1.667(1), 1.375(2), 1.0(0)	2.5(1), 2.0(2), 0.0(0)	18.667(1), 19.467(2), 17.0(0)	55.0(1), 55.0(2), 96.0(0)	14.4(1), 9.2(2), 10.5(0)	15.0(1), 2.0(2), 57.0(0)	0.0(1), 0.0(0), 14.308(2)	0.0(1), 0.0(0), 4.0(2)
PD36813d5	1.0(0)	2.0(0)	1.6(0)	2.5(0)	0.0(1), 0.286(2), 0.0(0)	0.0(1), 1.0(2), 0.0(0)	11.923(0)	45.0(0)	1.571(0)	2.5(0)
PD37265b	1.0(0)	1.5(0)	0.923(0)	0.0(0)	37.158(0)	77.0(0)	17.385(0)	96.0(0)	0.5(1), 0.4(0), 4.077(2)	2.0(1), 1.0(0), 1.5(2)
GIB-09	0.583(0)	0.0(0)	0.737(0)	1.5(0)	0.0(1), 0.571(2)	0.0(1), 2.0(2)	3.105(0)	48.0(0)	0.581(0)	2.0(0)
PD34200a_s3	0.789(0)	2.0(0)	1.826(0)	0.0(0)	12.5(0)	28.0(0)	19.091(0)	100.5(0)	6.688(0)	15.0(0)
33_130AS	2.588(0)	3.0(0)	0.889(0)	1.0(0)	0.933(0)	0.0(0)	1.241(0)	1.0(0)	0.583(0)	1.0(0)
PD36813ac15	0.882(0)	2.0(0)	1.421(0)	2.0(0)	0.0(1), 25.364(2)	0.0(1), 65.0(2)	7.353(1), 26.75(0)	3.0(1), 106.0(0)	0.333(1), 0.167(2), 0.0(0)	0.0(1), 0.0(2), 0.0(0)
PD37590c_lo0009	0.367(0)	1.5(0)	1.25(0)	1.0(0)	2.783(1), 0.5(0)	1.5(1), 1.0(0)	11.156(1), 0.857(0)	12.5(1), 1.0(0)	0.741(1), 0.55(2)	2.0(1), 1.0(2)
HLS_1C_30_D5	0.3(0)	2.0(0)	1.143(0)	1.0(0)	25.9(0)	42.0(0)	22.556(0)	77.0(0)	0.0(1), 9.778(2), 0.375(0)	0.0(1), 41.0(2), 1.5(0)
PD36813m8	0.385(0)	1.5(0)	1.2(0)	0.0(0)	33.0(1), 21.091(2), 54.125(0)	0.0(1), 71.0(2), 110.0(0)	50.333(1), 24.333(2), 0.0(0)	0.0(1), 0.0(2), 0.0(0)	3.8(1), 0.625(2), 0.0(0)	0.0(1), 1.0(2), 0.0(0)
PD36814c3	1.882(0)	3.5(0)	6.562(0)	89.0(0)	1.333(1), 16.0(2), 53.25(0)	0.0(1), 63.0(2), 102.0(0)	7.917(0)	3.0(0)	0.833(1), 17.8(0), 1.308(2)	1.0(1), 84.0(0), 2.0(2)
PD37226i7	0.684(0)	1.0(0)	1.95(0)	1.0(0)	10.385(0)	52.0(0)			8.9(0)	3.0(0)
PD37590b_lo0075	0.739(0)	1.0(0)	1.92(0)	0.0(0)	0.333(1), 0.909(2), 26.5(0)	1.0(1), 1.0(2), 37.0(0)	2.56(1), 1.0(2), 0.0(0)	1.0(1), 0.0(2), 0.0(0)	2.355(1)	3.0(1)
D25_029_RE	0.81(0)	1.0(0)	0.929(0)	1.0(0)	1.043(0)	1.0(0)	0.143(1), 0.143(2)	1.0(1), 0.0(2)	0.8(1), 1.0(2)	2.0(1), 0.0(2)
GIB-180	0.438(0)	2.0(0)	0.727(0)	1.0(0)	0.571(0)	2.0(0)	0.926(0)	1.0(0)	0.333(1), 0.667(2), 0.5(0)	0.0(1), 0.0(2), 1.0(0)
B7_030_DC	1.1(0)	1.0(0)	0.438(1), 1.364(2)	1.0(1), 6.0(2)	0.947(0)	1.0(0)	1.903(0)	3.0(0)	1.341(0)	1.0(0)
C1_103_TR	0.783(0)	2.0(0)	1.474(0)	1.0(0)	1.091(0)	1.0(0)	0.875(0)	2.0(0)	0.895(0)	2.0(0)
PD36813aa7	1.214(0)	3.0(0)	1.643(0)	0.0(0)	0.0(1), 16.583(2)	0.0(1), 26.0(2)	16.167(0)	1.0(0)	0.7(0)	1.5(0)
PD34200a_c41	0.833(0)	2.0(0)	1.947(0)	0.0(0)	0.0(1), 16.429(2), 0.0(0)	0.0(1), 31.5(2), 0.0(0)	0.333(1), 7.2(2), 0.0(0)	0.0(1), 1.0(2), 0.0(0)	1.1(0)	1.0(0)
PD36813ab4	3.333(1), 0.5(2), 0.0(0)	5.0(1), 1.0(2), 0.0(0)	2.0(0)	22.0(0)	6.059(0)	17.0(0)	7.25(0)	39.0(0)	0.4(1), 0.0(0), 0.75(2)	2.0(1), 0.0(0), 1.0(2)
PD37449e_lo0015	0.0(1), 1.409(2)	0.0(1), 2.0(2)	0.188(1), 1.75(2)	0.0(1), 3.5(2)	6.55(0)	2.0(0)	0.25(1), 0.333(2), 19.9(0)	0.0(1), 0.0(2), 44.5(0)	1.0(0)	3.0(0)
30_130RE	2.818(0)	5.5(0)	1.25(0)	1.5(0)	0.6(0)	1.5(0)	0.913(0)	2.0(0)	1.4(0)	2.0(0)
PD34200a_c31	0.5(0)	1.0(0)	1.526(0)	0.0(0)			6.5(0)	1.0(0)	1.125(0)	2.0(0)
PD37590b_lo0053	0.238(0)	2.5(0)	0.444(1), 1.0(2)	0.0(1), 0.0(2)	6.538(1), 23.4(0), 1.2(2)	7.0(1), 117.0(0), 0.0(2)	0.667(1), 0.571(2), 18.8(0)	2.0(1), 2.0(2), 0.0(0)	2.125(1), 6.227(2), 1.1(0)	4.0(1), 2.0(2), 2.0(0)
PD34201a_s20	0.6(0)	2.0(0)			0.0(1), 22.0(2)	0.0(1), 2.0(2)	9.933(0)	2.0(0)	2.417(0)	2.5(0)
PD37226k6	2.125(0)	0.0(0)	14.75(0)	109.0(0)	18.667(0)	37.0(0)	0.667(1), 1.143(2), 23.8(0)	0.0(1), 1.0(2), 37.0(0)	5.286(0)	1.5(0)
PD37457f7	1.517(0)	2.0(0)	2.188(0)	1.0(0)	18.111(0)	52.0(0)	9.938(0)	6.0(0)	0.833(0)	2.0(0)
PD37457h2	1.75(0)	0.0(0)			21.615(0)	31.0(0)	17.0(0)	71.0(0)	0.786(1), 1.0(2)	2.0(1), 1.0(2)
PD34201a_s11	0.75(0)	2.0(0)	1.538(0)	0.0(0)	19.444(0)	34.0(0)	10.286(0)	7.0(0)	1.333(1), 0.0(0), 1.0(2)	2.0(1), 0.0(0), 0.0(2)
PD36813ab5	0.0(1), 0.0(0), 0.214(2)	0.0(1), 0.0(0), 2.0(2)	1.579(0)	1.0(0)	0.385(1), 2.333(2), 0.0(0)	1.0(1), 0.0(2), 0.0(0)	5.167(1), 1.667(0)	23.0(1), 0.0(0)	0.846(1), 0.182(2)	1.0(1), 1.0(2)
PD36813e	0.235(0)	1.0(0)	1.071(0)	0.0(0)	0.0(1), 19.182(2), 0.0(0)	0.0(1), 55.0(2), 0.0(0)	15.095(0)	27.0(0)	0.0(1), 0.0(0), 2.9(2)	0.0(1), 0.0(0), 3.0(2)
PD34199a_t16	0.923(0)	1.0(0)	2.2(0)	14.0(0)			13.6(0)	3.0(0)	11.667(0)	6.0(0)
B38_180_SI	1.294(0)	1.0(0)	0.692(0)	1.0(0)	0.455(0)	1.0(0)	1.1(0)	1.5(0)	1.0(1), 1.167(2), 0.0(0)	0.0(1), 2.0(2), 0.0(0)
PD34200a_t27	0.789(0)	2.5(0)			6.714(0)	1.0(0)	0.636(0)	0.0(0)	2.667(0)	2.0(0)
PD37449f_lo0006	0.722(0)	1.5(0)	2.417(0)	1.0(0)	0.0(1), 30.778(2)	0.0(1), 55.0(2)	0.533(1), 0.0(0), 2.333(2)	1.0(1), 0.0(0), 2.0(2)	0.562(0)	1.5(0)
PD34199a_s4	0.722(0)	1.0(0)	1.538(0)	6.0(0)	14.722(0)	25.0(0)	0.333(1), 0.875(2), 19.857(0)	0.0(1), 1.0(2), 65.0(0)	5.467(0)	4.0(0)
PD34200a_s29	0.684(0)	3.0(0)	1.375(0)	1.0(0)	0.0(1), 17.625(2)	0.0(1), 33.0(2)	11.3(0)	59.0(0)	4.35(0)	2.0(0)
PD34200a_c7	0.667(0)	2.0(0)	4.5(0)	40.0(0)	22.6(0)	54.0(0)	1.316(0)	2.0(0)	0.75(1), 0.0(0), 1.143(2)	1.5(1), 0.0(0), 0.0(2)
B2_116_RE	2.214(0)	4.0(0)	2.048(0)	1.0(0)	0.821(0)	1.5(0)	0.9(0)	1.0(0)	2.458(0)	6.0(0)
PD36813ae7	0.652(0)	1.5(0)	0.333(1), 1.375(2), 1.5(0)	1.0(1), 2.5(2), 3.0(0)	22.909(0)	66.0(0)	13.882(0)	2.0(0)	2.067(1), 0.0(0), 1.1(2)	1.0(1), 0.0(0), 3.0(2)
20_40DC	0.902(0)	1.0(0)	1.273(0)	2.0(0)	0.654(0)	1.0(0)	0.545(0)	1.0(0)	1.286(0)	2.0(0)
PD37266c_lo0014	0.929(0)	1.5(0)	1.409(0)	2.0(0)	22.211(0)	53.0(0)	5.077(0)	2.0(0)	5.933(0)	4.0(0)
PD34202a_s27	1.667(1), 0.571(2), 2.4(0)	2.5(1), 2.0(2), 5.0(0)	0.667(1), 0.0(0), 0.778(2)	0.0(1), 0.0(0), 1.0(2)	23.294(0)	53.0(0)	0.667(1), 1.417(2), 21.167(0)	0.0(1), 4.5(2), 14.0(0)	10.053(0)	2.0(0)
PD36814d6	0.1(0)	1.0(0)	2.722(0)	15.5(0)	15.143(0)	49.0(0)	3.286(0)	12.5(0)	2.0(1), 0.0(0), 3.5(2)	2.0(1), 0.0(0), 7.0(2)
PD37449f_lo0002	0.667(1), 0.0(0), 2.167(2)	2.0(1), 0.0(0), 1.0(2)	0.667(0)	0.0(0)	0.0(1), 3.4(2)	0.0(1), 7.5(2)	10.4(0)	31.5(0)	2.0(1), 0.067(0), 9.118(2)	3.0(1), 1.0(0), 10.5(2)
PD34201a_c44	0.778(0)	2.5(0)	0.0(1), 0.6(2)	0.0(1), 2.0(2)			0.545(1), 35.0(2), 0.25(0)	1.0(1), 0.0(2), 1.0(0)	1.25(1), 1.222(2), 31.333(0)	0.0(1), 2.0(2), 36.0(0)
PD37449c_lo0001	1.231(1), 0.333(2), 0.444(0)	0.0(1), 1.0(2), 2.0(0)	1.833(1), 0.231(2)	2.0(1), 0.0(2)	16.062(0)	44.0(0)	19.571(1), 0.3(2), 0.333(0)	65.5(1), 0.0(2), 0.0(0)	3.536(0)	2.0(0)
PD34199a_t28	0.111(0)	0.0(0)	1.444(0)	0.0(0)	20.867(0)	47.0(0)	0.667(1), 24.625(2), 17.714(0)	1.0(1), 68.0(2), 1.0(0)	3.2(0)	3.0(0)
PD36813m3	0.0(1), 0.0(0), 0.333(2)	0.0(1), 0.0(0), 1.0(2)	1.375(0)	0.0(0)			12.308(0)	14.0(0)	1.333(0)	2.0(0)
PD37265h8	0.286(0)	2.0(0)	2.0(0)	0.0(0)	14.684(0)	26.0(0)	1.0(1), 0.667(2), 49.625(0)	0.0(1), 1.5(2), 93.0(0)	3.857(0)	2.0(0)
40_AS	1.167(0)	1.0(0)	1.154(0)	1.0(0)	0.294(0)	1.0(0)	0.68(0)	1.0(0)	1.235(0)	1.0(0)
D33_076_DE	0.741(0)	2.0(0)	0.5(0)	0.0(0)	0.6(0)	2.0(0)	1.037(0)	1.0(0)
PD36813h	0.5(0)	1.5(0)	0.0(1), 1.875(2)	0.0(1), 2.0(2)	14.214(0)	24.5(0)	0.25(1), 0.5(2)	1.0(1), 1.5(2)	1.0(1), 2.737(2), 0.0(0)	2.5(1), 3.0(2), 0.0(0)
32_29TR	2.227(1), 0.7(2), 1.0(0)	1.5(1), 0.0(2), 0.0(0)	1.189(0)	1.0(0)	0.692(0)	1.0(0)	1.37(0)	1.0(0)	0.667(1), 1.167(2)	0.0(1), 2.0(2)
PD34201a_c48	0.533(0)	4.0(0)	2.053(0)	11.0(0)	13.083(0)	1.0(0)	1.5(1), 0.25(2), 55.0(0)	1.0(1), 0.0(2), 0.0(0)	0.0(1), 0.0(0), 0.5(2)	0.0(1), 0.0(0), 1.0(2)
PD36813y6	0.333(0)	1.0(0)	1.6(0)	2.0(0)	11.615(1), 0.0(0), 8.0(2)	27.0(1), 0.0(0), 23.5(2)	16.737(0)	3.0(0)	0.0(1), 0.0(0), 0.667(2)	0.0(1), 0.0(0), 1.0(2)
PD37265d5	0.429(0)	1.0(0)	2.944(0)	34.0(0)	0.0(1), 1.375(2), 38.0(0)	0.0(1), 2.0(2), 50.0(0)	14.111(0)	4.0(0)	2.4(1), 1.2(2), 0.0(0)	4.0(1), 3.0(2), 0.0(0)
58_TR	1.375(0)	1.5(0)	1.786(0)	1.0(0)	0.727(0)	1.0(0)	1.04(0)	1.0(0)	0.714(0)	1.0(0)
GIB-93	0.968(1), 0.5(0)	1.5(1), 0.0(0)	0.654(0)	1.0(0)	0.478(0)	1.0(0)	0.526(0)	1.0(0)	0.645(0)	1.5(0)
PD36719a_lo034	0.778(0)	2.0(0)	2.0(0)	0.0(0)	0.0(1), 16.375(2)	0.0(1), 17.5(2)	17.722(0)	28.0(0)	4.846(0)	2.0(0)
116_RE_T	3.25(1), 1.5(2), 0.0(0)	0.0(1), 2.5(2), 0.0(0)	1.235(0)	1.0(0)	0.929(0)	0.0(0)	1.364(0)	3.0(0)	3.524(0)	6.0(0)
D9_084_AS	1.939(0)	2.0(0)	0.647(0)	1.0(0)					3.667(0)	29.0(0)
B39_277_CE	0.895(0)	1.0(0)	1.5(0)	2.0(0)	1.5(1), 0.421(2)	4.0(1), 1.0(2)	0.75(0)	2.5(0)	0.737(0)	1.0(0)
PD37265c3	1.312(0)	3.0(0)	1.0(0)	1.0(0)	12.571(0)	1.0(0)	14.846(0)	22.0(0)	1.0(1), 5.111(2), 24.8(0)	2.0(1), 23.0(2), 60.5(0)
PD34201a_c38	1.583(0)	2.0(0)	1.882(0)	0.0(0)	24.471(0)	29.0(0)	1.5(1), 48.9(2)	3.0(1), 61.0(2)	7.5(1), 1.923(2), 0.0(0)	2.0(1), 2.0(2), 0.0(0)
GIB-103	0.571(0)	1.0(0)	0.625(0)	1.0(0)	0.2(0)	2.0(0)	0.167(0)	0.0(0)	0.821(0)	1.0(0)
PD37226k5	3.5(0)	1.0(0)	0.765(0)	0.0(0)	17.923(0)	112.0(0)	6.0(0)	1.0(0)	0.909(1), 5.778(2), 0.0(0)	1.0(1), 19.0(2), 0.0(0)
PD34200a_c24	1.25(0)	1.0(0)	0.5(1), 0.778(2), 0.0(0)	1.0(1), 1.0(2), 0.0(0)	33.0(0)	61.0(0)	0.556(0)	1.0(0)	8.857(0)	115.0(0)
PD36813n	0.846(0)	2.5(0)	1.308(0)	2.0(0)	12.652(1), 0.5(0)	2.0(1), 1.0(0)	18.625(0)	6.0(0)	0.5(1), 0.0(0), 1.429(2)	1.0(1), 0.0(0), 2.0(2)
PD37590c_lo0021	0.786(0)	2.0(0)	1.121(1), 1.5(2)	2.0(1), 7.0(2)	9.286(1), 0.6(0)	21.0(1), 1.0(0)	23.8(1), 2.0(2), 0.75(0)	59.5(1), 2.0(2), 0.0(0)	2.333(1), 2.45(2), 0.667(0)	0.0(1), 3.0(2), 0.0(0)
PD34201a_s43	0.5(0)	3.0(0)	2.722(0)	19.5(0)	22.429(0)	19.0(0)	23.833(0)	40.0(0)	1.75(0)	2.0(0)
23_180RE	1.458(0)	3.0(0)	1.0(0)	1.5(0)	0.75(0)	1.0(0)	1.0(0)	1.0(0)	0.5(1), 1.3(2), 1.2(0)	1.0(1), 2.0(2), 0.0(0)
D20_153_SI	1.526(0)	1.0(0)	1.5(0)	1.0(0)	0.652(0)	1.0(0)	1.714(0)	1.0(0)	9.4(0)	3.0(0)
GIB-040	0.278(0)	1.0(0)	0.771(0)	1.0(0)	0.5(0)	1.0(0)	0.514(0)	1.0(0)	0.85(0)	1.0(0)
PD37226m7	0.588(0)	1.0(0)	1.231(0)	2.0(0)	0.333(1), 49.2(0), 11.667(2)	1.0(1), 123.0(0), 2.0(2)	19.667(1), 75.333(0)	3.0(1), 0.0(0)	0.8(1), 0.0(0), 9.0(2)	3.0(1), 0.0(0), 1.0(2)
PD37457i4	1.143(0)	1.5(0)			17.529(0)	38.5(0)	16.138(0)	21.5(0)	0.667(0)	1.0(0)
PD34201a_s10	1.182(0)	1.5(0)	3.385(0)	1.0(0)	0.0(1), 30.0(2), 0.0(0)	0.0(1), 45.0(2), 0.0(0)	11.091(0)	54.0(0)	3.458(0)	2.0(0)
PD36813z7	0.333(1), 0.545(2), 0.125(0)	0.0(1), 1.0(2), 1.0(0)	1.667(0)	0.0(0)	2.0(1), 9.364(2)	1.0(1), 2.5(2)	14.0(0)	3.0(0)	0.0(1), 0.0(0), 0.909(2)	0.0(1), 0.0(0), 3.5(2)
PD34201a_t46	0.263(0)	4.0(0)	0.7(0)	0.0(0)	1.333(1), 0.5(0), 30.583(2)	2.0(1), 1.0(0), 48.0(2)	17.773(0)	29.5(0)	0.333(1), 0.818(2), 12.556(0)	1.0(1), 0.0(2), 5.0(0)
PD34200a_c43	0.455(0)	0.0(0)	2.2(0)	2.0(0)	16.0(1), 0.0(0), 10.5(2)	44.0(1), 0.0(0), 0.0(2)	12.375(0)	1.5(0)	1.0(1), 0.571(0), 1.143(2)	2.0(1), 2.0(0), 4.0(2)
Laurel-8	1.562(0)	1.0(0)	0.917(0)	1.0(0)	0.967(0)	1.0(0)	1.417(0)	1.0(0)	1.565(0)	1.0(0)
C17_93_AS	1.176(0)	2.0(0)	0.909(0)	1.0(0)	0.378(0)	1.0(0)	2.412(0)	1.5(0)
PD36813z4	0.867(0)	1.5(0)	1.84(0)	2.0(0)	4.375(0)	2.0(0)	16.895(0)	5.0(0)	0.0(1), 0.0(0), 1.0(2)	0.0(1), 0.0(0), 3.5(2)
PD36814e8	0.786(0)	1.0(0)					2.545(0)	12.0(0)	5.944(0)	2.0(0)
PD37590b_lo0015	1.294(1), 1.455(2), 0.0(0)	2.0(1), 2.0(2), 0.0(0)	1.6(1)	2.0(1)	19.077(0)	41.5(0)	0.5(1), 1.0(2), 26.556(0)	1.0(1), 1.0(2), 46.0(0)	2.353(1), 0.0(0), 2.812(2)	2.0(1), 0.0(0), 0.0(2)
D15_277_SI	1.333(1), 0.769(2)	2.0(1), 1.0(2)	0.833(0)	1.5(0)	1.267(0)	2.0(0)	2.595(0)	1.5(0)	0.643(0)	3.0(0)
PD37457g5	0.4(0)	2.0(0)	0.938(0)	1.0(0)	13.467(1), 0.0(0)	20.0(1), 0.0(0)	6.588(0)	1.5(0)	1.5(1), 0.2(0), 1.714(2)	6.0(1), 1.0(0), 0.0(2)
PD37226i5	1.5(0)	3.0(0)	1.348(0)	8.0(0)	20.562(0)	63.0(0)	0.2(1), 12.316(2), 1.0(0)	0.0(1), 23.0(2), 0.0(0)	2.091(1), 9.917(2), 0.0(0)	4.0(1), 48.0(2), 0.0(0)
PD34201a_t30	0.727(0)	4.0(0)	2.071(0)	16.0(0)	6.4(1), 4.364(2), 71.8(0)	29.0(1), 19.5(2), 121.0(0)	15.609(0)	43.0(0)	7.125(0)	37.0(0)
PD37457f4	0.692(0)	3.0(0)	1.538(0)	2.0(0)	7.909(0)	9.0(0)	0.4(1), 0.429(0), 1.333(2)	1.0(1), 0.0(0), 1.0(2)	1.0(1), 0.636(2)	0.0(1), 1.0(2)
PD37226h8	0.75(0)	3.5(0)	1.2(1), 0.25(0), 1.25(2)	1.0(1), 0.0(0), 1.0(2)	30.696(0)	43.5(0)	17.875(0)	40.0(0)	14.583(0)	3.0(0)
B43_273_AS	2.32(0)	3.5(0)	0.923(0)	1.0(0)	1.0(0)	1.0(0)	0.784(0)	1.0(0)	1.0(0)	1.0(0)
D31_031_DE	0.765(0)	1.0(0)	1.528(0)	1.0(0)	0.857(0)	1.0(0)	1.206(0)	1.0(0)	2.757(0)	1.0(0)
PD37226j6	0.812(0)	1.5(0)	2.222(0)	3.5(0)	29.0(0)	51.0(0)	4.077(0)	2.0(0)	7.333(0)	2.0(0)
PD37265d8	1.0(0)	0.0(0)	0.6(0)	1.0(0)			8.48(1), 0.4(0)	2.0(1), 0.0(0)	0.0(1), 0.0(0), 6.467(2)	0.0(1), 0.0(0), 2.0(2)
PD34200a_c15	0.538(1), 0.0(0), 0.0(2)	1.0(1), 0.0(0), 0.0(2)	2.0(0)	3.0(0)	17.0(0)	28.0(0)	10.3(0)	102.0(0)	1.412(0)	2.0(0)
PD37226c6	0.611(0)	2.0(0)	1.364(0)	0.0(0)			9.636(0)	54.0(0)	0.167(1), 0.0(2), 0.5(0)	0.0(1), 0.0(2), 1.5(0)
PD37226g5	0.167(0)	1.0(0)	0.636(0)	0.0(0)	11.333(1), 5.545(2), 0.6(0)	34.0(1), 42.0(2), 1.0(0)	9.677(1), 0.0(0)	2.0(1), 0.0(0)	7.4(1), 0.5(2), 0.0(0)	1.5(1), 2.5(2), 0.0(0)
GIB-027	1.0(0)	1.0(0)	0.432(0)	1.0(0)	0.435(1)	1.0(1)	2.826(1), 0.963(2), 0.0(0)	39.0(1), 2.0(2), 0.0(0)	0.543(0)	1.0(0)
PD34200a_t16	0.5(0)	1.5(0)	1.231(0)	2.0(0)	29.667(0)	45.0(0)	0.75(1), 1.0(2), 1.667(0)	0.0(1), 1.0(2), 2.0(0)	6.364(0)	2.5(0)
PD37510b8	0.647(0)	3.0(0)	1.105(0)	2.0(0)			15.0(0)	50.0(0)	1.455(0)	2.0(0)
PD36813r14	0.5(0)	1.0(0)	2.5(0)	2.0(0)	2.6(1), 1.167(2), 19.833(0)	4.0(1), 1.0(2), 59.5(0)	7.35(0)	5.0(0)	1.0(0)	2.0(0)
PD34201a_c40	0.333(0)	4.0(0)	0.957(0)	1.0(0)	22.545(1), 30.333(0), 18.0(2)	48.5(1), 91.0(0), 53.0(2)	0.333(1), 16.0(2), 0.0(0)	1.0(1), 30.0(2), 0.0(0)	7.158(1), 0.0(0), 0.667(2)	1.0(1), 0.0(0), 2.0(2)
PD37266b_lo0004	1.214(0)	3.0(0)	1.0(0)	1.0(0)	23.455(1), 58.25(0)	64.0(1), 119.0(0)	17.05(1), 0.667(0), 13.125(2)	2.0(1), 2.0(0), 7.0(2)	0.0(1), 0.0(0), 3.667(2)	0.0(1), 0.0(0), 2.0(2)
PD37449f_lo0019	1.25(0)	4.0(0)	1.231(0)	0.0(0)	1.333(1), 28.5(2), 0.0(0)	2.0(1), 25.0(2), 0.0(0)			0.0(1), 0.0(0), 0.857(2)	0.0(1), 0.0(0), 1.5(2)
PD37265g7	0.733(0)	1.0(0)	0.6(1), 0.375(2)	2.0(1), 1.0(2)	19.1(0)	76.0(0)	21.211(0)	32.0(0)	3.875(0)	2.0(0)
D2_09_TR	1.16(1), 0.778(2), 0.5(0)	2.0(1), 1.0(2), 1.0(0)	1.154(0)	1.0(0)	0.36(0)	1.0(0)	0.833(0)	1.0(0)	0.722(0)	1.0(0)
PD34200a_c37	0.636(0)	2.0(0)	0.833(0)	0.0(0)	20.045(0)	54.0(0)	1.0(1), 1.333(2), 21.0(0)	0.0(1), 1.5(2), 41.0(0)	9.818(0)	2.0(0)
B9_115_RE	0.778(0)	1.0(0)	1.462(0)	2.0(0)	0.5(0)	1.0(0)	1.053(0)	2.0(0)	0.914(0)	1.0(0)
B10_058_CE	0.8(1), 0.818(0), 1.308(2)	1.0(1), 1.0(0), 1.0(2)	1.64(0)	0.0(0)	0.857(0)	1.0(0)	1.258(0)	2.0(0)	1.188(0)	1.5(0)
B1_115_SI	1.114(0)	1.0(0)	1.115(0)	1.0(0)	0.609(0)	1.0(0)	1.286(0)	1.0(0)	1.13(0)	1.0(0)
PD36813x16	0.467(0)	3.0(0)	1.714(0)	1.0(0)	5.231(0)	1.5(0)	12.0(1), 18.667(0), 32.083(2)	14.0(1), 1.0(0), 60.0(2)	0.35(1)	1.5(1)
PD37457c4	0.364(0)	2.0(0)	1.273(0)	1.0(0)	20.062(0)	49.0(0)	18.8(0)	3.0(0)	0.333(1), 0.875(2), 0.0(0)	0.0(1), 2.0(2), 0.0(0)
PD34201a_s28	1.0(1), 0.625(2)	0.0(1), 3.0(2)					2.571(0)	13.0(0)	11.0(0)	2.5(0)
PD34202a_s43	0.444(0)	4.0(0)	0.773(0)	0.0(0)	28.333(0)	1.0(0)	0.333(1), 2.0(2)	1.0(1), 2.0(2)	0.667(1), 2.154(2), 0.0(0)	1.5(1), 3.0(2), 0.0(0)
PD36814d5	0.167(0)	2.0(0)	1.222(0)	0.0(0)	0.0(1), 0.0(0), 16.75(2)	0.0(1), 0.0(0), 2.5(2)	0.0(1), 24.667(2), 0.0(0)	0.0(1), 97.0(2), 0.0(0)	3.571(1), 1.692(2), 0.0(0)	20.0(1), 2.0(2), 0.0(0)
18_27RE	1.056(0)	1.0(0)	1.05(0)	1.0(0)	0.875(0)	1.0(0)	1.286(0)	2.0(0)	1.043(0)	1.0(0)
PD37457h5	0.632(0)	1.0(0)	1.667(0)	3.0(0)	0.333(1), 29.0(2)	1.0(1), 44.0(2)	6.0(0)	18.0(0)	1.25(1), 4.909(2), 0.0(0)	2.0(1), 4.0(2), 0.0(0)
PD36813aa2	1.75(1), 0.6(2), 0.0(0)	1.0(1), 1.0(2), 0.0(0)	6.952(0)	2.0(0)	8.375(1), 14.25(2), 0.333(0)	2.0(1), 56.0(2), 0.0(0)	6.929(1), 28.75(0)	3.0(1), 114.0(0)	1.143(1), 0.588(2), 0.0(0)	1.0(1), 1.5(2), 0.0(0)
PD34201a_s42	0.778(0)	1.0(0)			20.389(0)	35.5(0)	0.667(1), 8.0(2), 0.0(0)	2.0(1), 9.0(2), 0.0(0)	0.5(1), 1.0(2), 2.857(0)	0.0(1), 2.0(2), 3.0(0)
HLS_2C_30_E6	0.462(0)	3.0(0)	1.462(0)	2.0(0)	0.667(1), 15.375(2), 0.0(0)	0.0(1), 12.5(2), 0.0(0)	14.923(0)	41.5(0)	9.294(0)	2.0(0)
PD34199a_t22	0.647(0)	3.0(0)	1.8(0)	0.0(0)	14.588(1), 28.25(0), 4.4(2)	1.0(1), 113.0(0), 3.0(2)	4.733(1), 54.0(0)	29.5(1), 108.0(0)	3.294(0)	3.5(0)
PD34201a_c35	0.385(0)	2.0(0)	1.8(0)	0.0(0)	15.556(0)	38.5(0)	8.667(0)	98.0(0)	0.25(1), 0.0(0), 14.846(2)	1.0(1), 0.0(0), 13.0(2)
PD37457j8	0.615(0)	3.5(0)	2.2(0)	0.0(0)	3.286(1), 15.533(2)	23.0(1), 4.0(2)	0.333(1), 0.333(0), 0.8(2)	1.0(1), 1.0(0), 1.5(2)	0.0(1), 0.222(0), 1.3(2)	0.0(1), 2.0(0), 1.0(2)
PD37590c_lo0048	1.077(0)	3.0(0)	1.5(0)	1.5(0)	7.552(1), 0.75(0)	2.0(1), 0.0(0)	4.35(1), 0.75(2), 0.0(0)	1.0(1), 1.5(2), 0.0(0)	4.375(0)	1.0(0)
PD36813r12	2.111(0)	3.5(0)	0.846(0)	1.5(0)	0.933(0)	1.5(0)	10.0(1), 0.0(0)	29.0(1), 0.0(0)	1.923(0)	4.0(0)
PD36814i3	0.824(0)	2.0(0)	1.636(0)	0.0(0)	11.824(0)	2.0(0)	20.909(0)	4.0(0)	4.895(0)	2.5(0)
PD34201a_c10	0.267(0)	1.5(0)	11.273(0)	2.0(0)	0.0(1), 0.538(2), 14.5(0)	0.0(1), 0.0(2), 23.0(0)	0.667(1), 0.2(2), 21.167(0)	2.0(1), 0.0(2), 2.5(0)	16.133(0)	3.0(0)
PD37226l8	0.364(0)	1.0(0)	1.619(0)	3.0(0)	6.385(1), 0.0(0), 10.0(2)	29.5(1), 0.0(0), 18.0(2)	1.375(0)	2.0(0)	3.0(1), 7.0(2), 0.625(0)	14.0(1), 44.0(2), 5.0(0)
D29_030_AS	0.529(1), 0.286(2)	1.0(1), 1.0(2)	0.947(0)	1.0(0)	0.5(0)	0.0(0)	1.97(1), 0.0(0), 1.286(2)	2.0(1), 0.0(0), 1.0(2)	1.267(0)	1.0(0)
A5__074_AS	1.292(0)	2.0(0)	1.542(0)	2.0(0)	1.13(0)	1.0(0)	0.938(0)	1.0(0)	0.4(0)	1.0(0)
PD36719a_lo049	0.043(0)	0.0(0)	1.333(0)	3.0(0)	9.727(0)	14.0(0)	17.8(0)	31.0(0)	7.0(1), 0.417(2), 0.0(0)	2.0(1), 2.0(2), 0.0(0)
PD36813s12	3.25(1), 0.75(0), 1.1(2)	6.5(1), 2.0(0), 4.5(2)	1.625(0)	0.0(0)	14.389(1), 0.0(0)	23.0(1), 0.0(0)	7.857(1), 5.588(2), 0.667(0)	4.5(1), 46.0(2), 2.0(0)	2.938(1), 0.0(0)	3.0(1), 0.0(0)
PD37590b_lo0052	1.5(1), 0.0(0)	2.0(1), 0.0(0)	0.263(1), 0.538(2)	1.0(1), 0.0(2)	0.667(1), 0.917(2), 69.2(0)	0.0(1), 0.0(2), 104.5(0)	1.0(1), 8.059(2), 0.6(0)	0.0(1), 28.0(2), 1.0(0)	2.235(1), 8.25(2), 0.0(0)	4.0(1), 2.0(2), 0.0(0)
PD36814e7	0.562(0)	2.0(0)					12.824(0)	4.0(0)	1.778(0)	2.0(0)
PD37514b3	0.0(0)	0.0(0)	2.0(0)	3.0(0)	30.909(0)	93.0(0)	8.375(0)	2.0(0)
D15b_277_SI	0.833(0)	3.0(0)	0.737(0)	1.0(0)	0.8(0)	1.0(0)	1.079(0)	2.0(0)	1.917(0)	1.0(0)
PD34200a_t3	0.286(0)	2.0(0)	1.333(0)	1.5(0)	12.333(0)	43.0(0)	2.2(0)	1.0(0)	24.0(1), 1.5(2), 0.667(0)	39.0(1), 2.0(2), 2.0(0)
PD37590c_lo0019	1.429(0)	2.0(0)	1.571(0)	1.0(0)	20.25(1), 0.0(0), 46.5(2)	25.0(1), 0.0(0), 0.0(2)	11.667(0)	2.5(0)	1.0(1), 0.938(2)	2.0(1), 1.0(2)
PD36813i	1.059(0)	2.0(0)	0.455(1), 0.875(2)	0.0(1), 0.0(2)	5.056(0)	19.5(0)	3.941(0)	4.0(0)	1.304(0)	2.0(0)
PD34200a_s22	0.857(0)	2.0(0)	0.0(1), 1.0(2)	0.0(1), 1.0(2)	7.714(0)	16.0(0)			6.895(0)	2.5(0)
031_RE_T	1.4(0)	2.0(0)	0.588(0)	2.0(0)	1.0(0)	1.0(0)	1.029(0)	1.0(0)	0.947(0)	1.0(0)
PD37512a5	0.667(0)	2.5(0)	1.214(0)	1.5(0)	4.111(0)	1.0(0)	6.667(1), 10.0(2), 3.0(0)	1.5(1), 8.0(2), 2.0(0)	0.0(1), 0.0(0), 12.889(2)	0.0(1), 0.0(0), 7.0(2)
PD37226c8	0.583(0)	2.0(0)	3.421(0)	1.0(0)	14.083(0)	83.5(0)	6.417(0)	3.0(0)	1.333(1), 6.75(2), 1.0(0)	2.0(1), 21.0(2), 1.0(0)
PD36814g7	0.4(0)	0.0(0)	1.5(0)	1.0(0)	5.5(1), 0.0(2), 0.5(0)	17.0(1), 0.0(2), 0.0(0)	6.421(0)	2.0(0)	1.857(0)	2.0(0)
PD37590c_lo0040	0.533(1), 1.0(2), 0.5(0)	2.0(1), 3.0(2), 1.0(0)	1.118(1), 0.778(2)	0.0(1), 0.0(2)	12.167(1), 0.0(0), 10.826(2)	73.0(1), 0.0(0), 2.0(2)	9.041(1), 0.0(0)	3.0(1), 0.0(0)	2.025(0)	2.5(0)
PD37510b7	0.167(0)	0.0(0)	1.062(0)	2.0(0)	5.917(0)	15.0(0)	1.7(1), 4.571(2), 0.0(0)	2.0(1), 1.0(2), 0.0(0)	0.667(1), 0.7(2), 0.0(0)	0.0(1), 1.0(2), 0.0(0)
PD34201a_s22	0.562(0)	2.0(0)	0.684(0)	0.0(0)	10.75(0)	1.0(0)	4.312(1), 1.833(2), 0.25(0)	12.0(1), 2.0(2), 1.0(0)	1.133(0)	2.0(0)
B8_103_SI	1.231(0)	1.0(0)	2.056(0)	2.0(0)	0.9(0)	1.0(0)	0.935(0)	1.0(0)	0.64(0)	1.0(0)
PD37265h5	0.467(0)	2.5(0)	1.833(0)	1.0(0)			19.545(1), 7.0(2), 0.0(0)	102.5(1), 14.0(2), 0.0(0)	2.6(1), 0.0(0), 3.75(2)	2.0(1), 0.0(0), 4.0(2)
PD37514a	1.704(0)	2.0(0)	2.545(0)	0.0(0)	0.333(1), 8.667(2)	1.0(1), 3.0(2)	8.864(1), 0.333(0), 13.333(2)	23.5(1), 0.0(0), 21.0(2)	2.5(1), 3.2(2), 0.0(0)	3.0(1), 2.0(2), 0.0(0)
58_DC	0.952(0)	1.0(0)	0.684(0)	1.0(0)	0.462(0)	1.0(0)	0.906(0)	1.0(0)	1.7(0)	2.0(0)
C24_31_TR	0.85(0)	1.0(0)	1.333(0)	0.0(0)	0.769(1), 0.0(2)	2.5(1), 0.0(2)	0.71(0)	1.0(0)	0.818(0)	2.0(0)
PD37513a3	0.923(0)	1.0(0)	1.773(0)	2.0(0)	14.375(1), 14.4(2), 0.5(0)	50.0(1), 69.0(2), 0.0(0)	14.938(0)	26.0(0)	1.077(0)	1.0(0)
74_DC	1.769(1), 1.286(2), 1.5(0)	0.0(1), 1.0(2), 0.0(0)	1.25(0)	2.0(0)	1.182(0)	1.5(0)	1.774(0)	1.0(0)	0.694(0)	1.0(0)
PD37266e_lo0008	0.45(0)	2.0(0)	1.222(0)	0.0(0)	0.2(1), 26.286(2), 0.333(0)	1.0(1), 34.5(2), 1.0(0)	19.714(1), 14.75(0), 3.364(2)	46.0(1), 58.5(0), 2.0(2)	2.308(0)	1.5(0)
C10_93_CE	2.895(0)	2.0(0)	1.357(0)	1.0(0)	0.64(0)	1.0(0)	0.938(0)	2.0(0)	0.75(0)	1.5(0)
B46_273_DE	3.0(0)	2.0(0)	2.083(0)	1.0(0)	0.864(0)	1.0(0)	0.435(0)	1.0(0)	1.882(0)	1.0(0)
PD37590b_lo0010	1.29(0)	2.0(0)	1.294(0)	1.5(0)	0.0(1), 10.182(2), 0.0(0)	0.0(1), 14.0(2), 0.0(0)	0.143(1), 17.607(2)	1.0(1), 44.0(2)	7.312(1), 0.0(0), 2.923(2)	2.0(1), 0.0(0), 7.0(2)
B17_277_DC	1.28(1), 1.778(2), 0.0(0)	1.0(1), 2.0(2), 0.0(0)	1.216(0)	1.0(0)	1.045(0)	2.0(0)	1.178(0)	1.0(0)	1.048(0)	3.0(0)
B6_153_SI	0.963(1), 0.333(2), 0.0(0)	3.0(1), 1.0(2), 0.0(0)	1.2(0)	1.0(0)	0.481(0)	1.0(0)	1.694(0)	2.0(0)	0.75(0)	1.0(0)
PD36813c2	1.211(0)	2.5(0)	1.6(1), 1.636(2), 0.0(0)	1.0(1), 2.0(2), 0.0(0)	10.75(1), 25.5(2), 24.857(0)	22.0(1), 51.0(2), 39.0(0)	0.286(1), 7.286(2)	0.0(1), 24.0(2)	0.929(0)	2.0(0)
PD34201a_c18	0.929(0)	4.0(0)	1.182(0)	0.0(0)	25.222(0)	46.5(0)	18.25(0)	107.0(0)	0.0(1), 0.0(0), 11.111(2)	0.0(1), 0.0(0), 2.5(2)
PD36813z5	0.25(0)	2.0(0)	1.0(0)	1.0(0)	4.125(0)	16.0(0)	23.364(0)	15.5(0)	0.0(1), 0.0(0), 0.111(2)	0.0(1), 0.0(0), 0.0(2)
PD37590c_lo0025	1.2(1), 0.0(0), 3.684(2)	2.0(1), 0.0(0), 0.0(2)	2.059(0)	0.0(0)	5.88(1), 0.2(2), 33.0(0)	65.0(1), 0.0(2), 94.0(0)	7.435(0)	35.0(0)	1.235(1), 1.222(2)	1.0(1), 2.5(2)
PD36814k2	0.789(0)	1.5(0)	0.571(0)	2.0(0)	8.833(0)	1.5(0)	0.667(1), 0.125(2), 40.6(0)	2.0(1), 0.0(2), 47.0(0)	1.118(0)	3.0(0)
PD34201a_c4	0.4(0)	1.0(0)	0.375(0)	0.0(0)	1.333(1), 3.2(2), 0.0(0)	0.0(1), 16.0(2), 0.0(0)	1.083(0)	1.0(0)	5.241(0)	2.0(0)
D18_153_TR	0.474(0)	1.5(0)	0.889(0)	1.0(0)	0.5(0)	1.0(0)	10.933(0)	31.0(0)	5.4(0)	1.0(0)
PD37590b_lo0018	1.412(1), 0.0(0)	2.0(1), 0.0(0)	2.583(0)	2.0(0)	14.613(1), 34.286(0)	6.0(1), 116.0(0)	12.857(1), 0.429(0)	23.0(1), 0.0(0)	0.8(1), 12.889(0), 2.615(2)	3.0(1), 116.0(0), 3.0(2)
PD37266e_lo0010	1.312(0)	3.0(0)	1.385(0)	0.0(0)	23.286(0)	58.0(0)	16.438(0)	47.0(0)	0.667(1), 1.25(2), 0.0(0)	1.0(1), 2.0(2), 0.0(0)
PD34200a_i36	0.556(0)	1.0(0)	1.059(0)	4.0(0)	0.0(1), 25.067(2), 0.0(0)	0.0(1), 28.0(2), 0.0(0)	2.684(0)	30.0(0)	4.462(0)	10.0(0)
Laurel-7	1.273(0)	1.0(0)	0.852(0)	1.0(0)	1.0(0)	1.0(0)	0.833(0)	1.5(0)	1.062(0)	0.0(0)
B45_273_SI	1.0(1), 0.0(2), 1.9(2), 2.167(0)	0.0(1), 0.0(2), 2.0(2), 5.0(0)	2.364(0)	1.0(0)	0.5(0)	1.0(0)	0.647(0)	1.5(0)	0.818(0)	1.0(0)
PD37590b_lo0074	1.129(0)	2.5(0)	1.389(0)	1.5(0)	8.625(1), 14.9(2), 1.0(0)	2.0(1), 73.5(2), 0.0(0)	0.588(1), 10.571(2), 21.0(0)	1.0(1), 22.0(2), 103.0(0)	1.429(1), 0.667(0), 3.0(2)	2.0(1), 1.0(0), 1.0(2)
PD36813g2	2.143(0)	8.0(0)	1.769(0)	2.0(0)	22.111(0)	30.0(0)	4.778(0)	10.0(0)	0.667(1), 1.857(2), 0.0(0)	1.0(1), 2.0(2), 0.0(0)
B28_31_TR	1.767(0)	2.0(0)	0.947(0)	1.0(0)	0.389(1), 0.0(2)	1.0(1), 0.0(2)	0.8(0)	1.0(0)	0.6(0)	1.0(0)
PD34201a_s18	0.769(0)	3.0(0)	1.0(0)	0.0(0)	0.0(1), 0.167(2), 18.2(0)	0.0(1), 0.0(2), 44.0(0)	19.727(1), 68.333(2), 48.4(0)	2.0(1), 102.5(2), 121.0(0)	9.222(0)	2.5(0)
PD36813ac7	0.553(0)	1.5(0)	1.897(0)	0.0(0)	6.25(1), 15.375(0), 26.25(2)	22.5(1), 59.5(0), 52.0(2)	8.091(1), 17.4(2), 0.75(0)	2.0(1), 42.5(2), 1.5(0)	1.667(1), 4.36(2), 0.0(0)	6.5(1), 3.0(2), 0.0(0)
PD37265l2	1.1(0)	2.0(0)			29.917(1), 9.4(2), 43.2(0)	46.0(1), 45.0(2), 107.5(0)	3.625(0)	23.0(0)	0.471(1), 0.0(0), 1.7(2)	2.0(1), 0.0(0), 5.0(2)
PD36813b5	0.8(0)	3.0(0)	0.6(0)	0.0(0)	16.526(0)	9.0(0)	0.808(1), 14.667(2)	1.0(1), 42.0(2)	0.7(1), 10.583(2), 0.0(0)	1.0(1), 6.0(2), 0.0(0)
PD37449c_lo0014	1.688(0)	1.0(0)	1.6(1), 0.533(2)	3.0(1), 1.0(2)	7.143(1), 0.0(0)	3.5(1), 0.0(0)	9.125(0)	20.0(0)	4.263(0)	3.0(0)
PD34201a_c32	0.647(0)	2.5(0)	1.286(0)	0.0(0)	0.333(1), 19.417(2)	1.0(1), 27.0(2)	21.056(0)	41.0(0)	1.0(1), 0.833(2)	2.0(1), 0.0(2)
PD37449d_lo0012	0.125(0)	0.0(0)	1.2(0)	1.0(0)	11.083(0)	8.5(0)	1.5(0)	0.0(0)	1.0(0)	2.0(0)
PD34200a_t6	0.769(0)	1.0(0)			13.688(0)	60.0(0)	0.867(1), 0.167(2), 0.0(0)	1.0(1), 0.0(2), 0.0(0)	7.167(0)	3.0(0)
PD37513a20	0.5(0)	2.5(0)	1.379(0)	0.0(0)	5.0(1), 15.214(2), 18.333(0)	24.0(1), 51.0(2), 109.0(0)	5.579(0)	2.0(0)	1.75(1), 4.25(2), 0.0(0)	0.0(1), 2.0(2), 0.0(0)
PD37590c_lo0034	0.7(0)	3.0(0)	1.067(0)	0.0(0)	2.588(1), 3.0(2), 77.25(0)	15.5(1), 8.0(2), 103.0(0)	0.556(1), 0.607(2), 22.846(0)	2.0(1), 1.0(2), 4.0(0)	5.429(1), 2.333(2), 0.0(0)	1.0(1), 3.0(2), 0.0(0)
PD34201a_c27	0.444(0)	1.5(0)	1.583(0)	2.0(0)	17.375(0)	54.0(0)	17.714(0)	18.0(0)	2.0(0)	2.0(0)
PD36814e5			1.75(0)	2.0(0)	5.889(0)	25.0(0)	2.909(0)	22.0(0)	3.4(0)	1.0(0)
PD34201a_t3			0.769(0)	0.0(0)			15.6(0)	15.0(0)	0.333(1), 3.333(2), 0.0(0)	0.0(1), 7.5(2), 0.0(0)
PD37266d_lo0002			1.091(0)	2.0(0)	0.0(1), 1.6(2), 0.0(0)	0.0(1), 4.0(2), 0.0(0)	0.5(1), 26.846(2)	0.0(1), 20.0(2)	1.0(0)	2.0(0)
PD36813h3			1.333(1), 1.2(2), 0.0(0)	2.0(1), 2.0(2), 0.0(0)	13.636(0)	2.0(0)	1.0(1), 9.222(2), 0.375(0)	3.0(1), 15.5(2), 1.0(0)	0.5(1), 1.0(2), 0.0(0)	1.0(1), 1.5(2), 0.0(0)
PD36814g4			0.857(0)	1.0(0)	0.5(1), 0.4(2), 15.4(0)	0.0(1), 0.0(2), 23.0(0)	36.25(1), 13.8(2), 18.286(0)	26.5(1), 24.5(2), 115.0(0)	10.158(0)	51.0(0)
PD36813j3			8.8(0)	1.0(0)	13.231(0)	24.0(0)	0.667(1), 0.0(2), 39.667(0)	1.0(1), 0.0(2), 59.5(0)	1.2(0)	2.0(0)
PD37226d6			1.5(0)	0.0(0)	0.0(1), 0.111(2), 12.143(0)	0.0(1), 0.0(2), 1.0(0)	15.455(0)	2.0(0)	1.25(0)	3.0(0)
PD36814b2			1.556(0)	16.0(0)	35.476(0)	83.0(0)
PD37265b7			1.818(0)	2.0(0)	0.0(1), 3.286(2), 0.0(0)	0.0(1), 4.0(2), 0.0(0)	9.0(1), 0.0(0), 0.4(2)	1.0(1), 0.0(0), 1.0(2)	0.667(1), 1.0(0), 0.556(2)	1.0(1), 2.0(0), 2.0(2)
PD37513b5			0.0(1), 0.375(0), 1.111(2)	0.0(1), 0.0(0), 1.0(2)	24.333(0)	59.5(0)	0.833(0)	2.0(0)	6.867(1), 0.0(0), 1.5(2)	2.0(1), 0.0(0), 6.0(2)
PD37265l6			1.75(0)	3.0(0)	25.455(0)	74.0(0)	15.5(0)	114.0(0)	1.259(0)	2.0(0)
PD34201a_s1			0.615(0)	0.0(0)	15.375(0)	3.0(0)	0.333(1), 0.667(2), 45.0(0)	1.0(1), 0.0(2), 67.5(0)	0.25(1), 1.143(2), 0.8(0)	0.0(1), 3.0(2), 2.0(0)
PD37226f6			1.909(0)	3.0(0)			7.188(0)	56.0(0)	14.154(0)	2.5(0)
PD37265f4			1.095(0)	0.0(0)	7.308(0)	21.0(0)	13.938(0)	53.5(0)	7.0(0)	1.0(0)
PD37449e_lo0006			1.5(0)	1.0(0)	0.333(1), 25.533(2)	1.0(1), 77.0(2)	1.667(1), 1.0(2), 2.4(0)	2.5(1), 1.5(2), 6.0(0)	0.875(0)	2.0(0)
PD37226h4			1.091(0)	1.0(0)	39.8(0)	74.5(0)	24.833(0)	15.0(0)	1.0(1), 0.833(2), 0.667(0)	0.0(1), 1.5(2), 1.0(0)
PD34202a_s9			0.0(1), 0.125(0), 0.714(2)	0.0(1), 0.0(0), 1.0(2)	0.0(1), 21.909(2), 0.0(0)	0.0(1), 22.0(2), 0.0(0)	18.444(1), 0.0(0)	3.0(1), 0.0(0)	0.8(1), 0.0(0), 3.765(2)	1.0(1), 0.0(0), 9.5(2)
PD37449f_lo0016			1.0(0)	0.0(0)	0.0(1), 21.625(2), 0.0(0)	0.0(1), 84.0(2), 0.0(0)	7.333(0)	24.0(0)	1.667(1), 2.667(2), 0.125(0)	2.5(1), 3.0(2), 1.0(0)
PD34201a_s36			1.2(0)	1.0(0)	15.133(0)	42.0(0)	9.333(0)	30.0(0)	0.667(1), 13.0(2), 0.0(0)	0.0(1), 8.5(2), 0.0(0)
PD37226k8			1.611(0)	0.0(0)	15.273(1), 7.333(2), 23.2(0)	50.0(1), 3.5(2), 114.0(0)	7.5(0)	7.0(0)	1.0(1), 0.778(2), 0.0(0)	5.0(1), 2.0(2), 0.0(0)
PD36813c			1.7(0)	0.0(0)	0.333(1), 0.333(2), 17.667(0)	0.0(1), 0.0(2), 26.5(0)	0.5(0)	1.0(0)
PD37226b6			0.909(0)	0.0(0)	7.4(0)	6.5(0)			6.714(0)	2.0(0)
A15__180_TR			1.333(0)	2.5(0)	0.519(0)	1.0(0)	0.5(1), 1.5(2), 0.667(0)	2.0(1), 0.0(2), 0.0(0)	1.556(1), 1.286(2), 0.923(0)	2.0(1), 2.0(2), 1.0(0)
HLS_2C_30_D6			6.273(0)	54.0(0)	26.125(0)	38.0(0)	0.333(1), 0.5(2), 0.0(0)	1.0(1), 1.0(2), 0.0(0)	1.2(0)	2.0(0)
PD37265m4			1.421(0)	2.0(0)	10.727(0)	41.5(0)	15.0(0)	26.0(0)	6.143(0)	2.0(0)
PD36813b4			0.6(0)	2.0(0)	19.308(0)	18.0(0)	0.25(1), 0.0(0), 14.857(2)	1.0(1), 0.0(0), 45.0(2)	5.25(1), 0.0(0), 0.333(2)	2.0(1), 0.0(0), 0.0(2)
PD37226j4			2.0(0)	0.0(0)	10.231(0)	1.0(0)	4.0(0)	1.0(0)
PD34200a_s4			1.727(0)	0.0(0)	18.875(0)	13.5(0)	2.85(1), 0.333(0)	2.0(1), 0.0(0)	0.75(1), 13.643(2), 0.0(0)	0.0(1), 77.0(2), 0.0(0)
PD36813ac18			2.188(0)	1.5(0)	0.0(1), 0.0(0), 10.4(2)	0.0(1), 0.0(0), 49.0(2)	1.5(1), 29.0(0), 1.0(2)	1.5(1), 54.5(0), 1.5(2)	9.944(0)	78.5(0)
PD36814l7			0.778(0)	1.0(0)	24.0(0)	50.5(0)	2.222(1), 16.222(2), 19.833(0)	7.5(1), 3.0(2), 1.5(0)	0.0(1), 0.0(0), 7.8(2)	0.0(1), 0.0(0), 2.0(2)
PD37226f5			0.929(0)	1.0(0)	10.0(1), 27.833(2), 11.333(0)	30.0(1), 81.5(2), 34.0(0)	0.0(1), 8.167(2), 0.0(0)	0.0(1), 24.0(2), 0.0(0)	0.833(0)	1.0(0)
PD34199a_s31			2.2(0)	0.0(0)			11.2(0)	5.0(0)	1.0(1), 1.0(2), 33.5(0)	3.0(1), 1.0(2), 67.0(0)
PD34199a_c3			1.0(0)	0.0(0)	18.125(1), 18.5(0), 16.333(2)	39.0(1), 111.0(0), 37.0(2)	7.588(0)	14.0(0)	4.357(0)	2.0(0)
D7_40_RE			2.0(0)	2.0(0)	0.3(0)	1.0(0)	0.963(0)	1.0(0)	0.5(0)	0.0(0)
PD37510b4			1.273(0)	1.0(0)	0.0(1), 0.286(2), 0.0(0)	0.0(1), 1.0(2), 0.0(0)	4.125(0)	30.0(0)	0.636(0)	3.0(0)
PD34201a_t41			0.6(1), 0.0(2)	0.0(1), 0.0(2)	0.0(1), 28.375(2)	0.0(1), 46.5(2)	3.545(0)	34.5(0)	1.333(1), 8.333(2), 0.0(0)	3.5(1), 2.0(2), 0.0(0)
PD34200a_c33					17.75(0)	43.5(0)	1.0(1), 0.4(2), 18.5(0)	0.0(1), 0.0(2), 21.0(0)	0.571(1), 0.0(2)	1.0(1), 0.0(2)
PD36719a_lo005					1.0(1), 19.25(2)	1.5(1), 45.0(2)	21.75(1), 8.4(2), 16.429(0)	41.5(1), 37.0(2), 57.0(0)	8.5(0)	2.0(0)
D12_058_SI					2.8(0)	2.0(0)	0.933(0)	1.0(0)	1.125(0)	1.0(0)
PD36814h4							7.476(0)	2.0(0)	1.0(0)	2.0(0)
